VIDEO 0009291 0896559 0871851 1055193 00092910896559 08965590871851 08718511055193 1055193 -
 -

VIDEO 0009291 0896559 0871851 1055193 00092910896559 08965590871851 08718511055193 1055193 0788012 0246396
 07880120246396
 0246396

VIDEO 0009291 0896559 0871851 1055193 00092910896559 08965590871851 08718511055193 1055193 0017401 0246396
 00174010246396
 0246396

VIDEO 0009291 0896559 0871851 1055193 00092910896559 08965590871851 08718511055193 1055193 -
 -

VIDEO 0009291 0896559 0871851 1055193 00092910896559 08965590871851 08718511055193 1055193 0728017 0246396
 07280170246396
 0246396

OTHER 0527064 0024854 0694263 05270640024854 00248540694263 0694263 -
 -

OTHER 0527064 0024854 0694263 05270640024854 00248540694263 0694263 0167070 0348611 0406197 0078253 0249224 0576126 0246396 0836327 0068757 0031957 0291357 0399721 0977270 0406197 0347013 0790462 0610559 0138873 0588522 0291357 1050307 0589288 0999132 1040693 0690587 0729004
 01670700348611 03486110406197 04061970078253 00782530249224 02492240576126 05761260246396 02463960836327 08363270068757 00687570031957 00319570291357 02913570399721 03997210977270 09772700406197 04061970347013 03470130790462 07904620610559 06105590138873 01388730588522 05885220291357 02913571050307 10503070589288 05892880999132 09991321040693 10406930690587 06905870729004
 0729004

OTHER 0527064 0024854 0694263 05270640024854 00248540694263 0694263 -
 -

VIDEO 0403003 0690587 0639347 0259826 04030030690587 06905870639347 06393470259826 0259826 -
 -

VIDEO 0403003 0690587 0639347 0259826 04030030690587 06905870639347 06393470259826 0259826 0331796 0422451
 03317960422451
 0422451

VIDEO 0403003 0690587 0639347 0259826 04030030690587 06905870639347 06393470259826 0259826 0331796 0123481 0772486 1083795
 03317960123481 01234810772486 07724861083795
 1083795

VIDEO 0403003 0690587 0639347 0259826 04030030690587 06905870639347 06393470259826 0259826 0331796 0123481 0772486 1083795
 03317960123481 01234810772486 07724861083795
 1083795

VIDEO 0727209 0727209 0712981 0064556 0762966 07272090727209 07272090712981 07129810064556 00645560762966 0762966 -
 -

VIDEO 0727209 0727209 0712981 0064556 0762966 07272090727209 07272090712981 07129810064556 00645560762966 0762966 0727209 0727209 0712981 0064556 0762966 0754212 0748782 0246396 0706184 1111901 0673355 1112955 0888307 1055086 0142544 0546302 0754212 0880931 0444946 0673355 1112955
 07272090727209 07272090712981 07129810064556 00645560762966 07629660754212 07542120748782 07487820246396 02463960706184 07061841111901 11119010673355 06733551112955 11129550888307 08883071055086 10550860142544 01425440546302 05463020754212 07542120880931 08809310444946 04449460673355 06733551112955
 1112955

VIDEO 0809872 0792288 1054331 0054135 1046420 08098720792288 07922881054331 10543310054135 00541351046420 1046420 -
 -

VIDEO 0809872 0792288 1054331 0054135 1046420 08098720792288 07922881054331 10543310054135 00541351046420 1046420 -
 -

GAME 0732874 0727209 0162820 0042895 07328740727209 07272090162820 01628200042895 0042895 -
 -

GAME 0732874 0727209 0162820 0042895 07328740727209 07272090162820 01628200042895 0042895 0727209 0162820 0042895 0464365 0727209 0162820 0042895 0855657 0748782 0406197 0011134 0329263 0727209 0162820 0042895 0464365 0727209 0162820 0042895 0546194 0464472 0872080 0580929
 07272090162820 01628200042895 00428950464365 04643650727209 07272090162820 01628200042895 00428950855657 08556570748782 07487820406197 04061970011134 00111340329263 03292630727209 07272090162820 01628200042895 00428950464365 04643650727209 07272090162820 01628200042895 00428950546194 05461940464472 04644720872080 08720800580929
 0580929

GAME 0732874 0727209 0162820 0042895 07328740727209 07272090162820 01628200042895 0042895 -
 -

GAME 0732874 0727209 0162820 0042895 07328740727209 07272090162820 01628200042895 0042895 -
 -

GAME 0732874 0727209 0162820 0042895 07328740727209 07272090162820 01628200042895 0042895 -
 -

GAME 0732874 0727209 0162820 0042895 07328740727209 07272090162820 01628200042895 0042895 0727209 0162820 0042895 0464365 0727209 0162820 0042895 0855657 0748782 0406197 0011134 0329263 0727209 0162820 0042895 0464365 0727209 0162820 0042895 0546194 0464472 0872080 0580929
 07272090162820 01628200042895 00428950464365 04643650727209 07272090162820 01628200042895 00428950855657 08556570748782 07487820406197 04061970011134 00111340329263 03292630727209 07272090162820 01628200042895 00428950464365 04643650727209 07272090162820 01628200042895 00428950546194 05461940464472 04644720872080 08720800580929
 0580929

OTHER 0392124 1080915 03921241080915 1080915 -
 -

OTHER 0392124 1080915 03921241080915 1080915 0557667 0438139 0490159 0392124 1080915 0754212 0886711 0634193 0954559 0754212 0392124 1080915 0873441 0130933 0754212 0392124 1080915 0438139 0775648 0754212 0726054 0509847 0781505 0878719
 05576670438139 04381390490159 04901590392124 03921241080915 10809150754212 07542120886711 08867110634193 06341930954559 09545590754212 07542120392124 03921241080915 10809150873441 08734410130933 01309330754212 07542120392124 03921241080915 10809150438139 04381390775648 07756480754212 07542120726054 07260540509847 05098470781505 07815050878719
 0878719

VIDEO 0690587 0291357 0698342 0934701 06905870291357 02913570698342 06983420934701 0934701 -
 -

OTHER 0699617 0006789 06996170006789 0006789 -
 -

OTHER 0699617 0006789 06996170006789 0006789 0699617 0699617 0006789 0406197 0699617 0999132 0699617 0406197 0072086 0072086 0699617 0449931 0427030 0406197 0699617 0699617 0018546 0406197 0854024 0170218 1000519 1078554
 06996170699617 06996170006789 00067890406197 04061970699617 06996170999132 09991320699617 06996170406197 04061970072086 00720860072086 00720860699617 06996170449931 04499310427030 04270300406197 04061970699617 06996170699617 06996170018546 00185460406197 04061970854024 08540240170218 01702181000519 10005191078554
 1078554

VIDEO 0685032 0918499 0704876 0718963 06850320918499 09184990704876 07048760718963 0718963 -
 -

VIDEO 0685032 0918499 0704876 0718963 06850320918499 09184990704876 07048760718963 0718963 0685032 0918499 0704876 0718963 0754212 0880931 0444946 0880931 1012920
 06850320918499 09184990704876 07048760718963 07189630754212 07542120880931 08809310444946 04449460880931 08809311012920
 1012920

TRAVEL 0555972 0547702 0456713 0762000 0664000 0694263 05559720547702 05477020456713 04567130762000 07620000664000 06640000694263 0694263 -
 -

TRAVEL 0555972 0547702 0456713 0762000 0664000 0694263 05559720547702 05477020456713 04567130762000 07620000664000 06640000694263 0694263 0021215 0944743 1023598 0547702 0694263 0784491 0021215 0944743 1023598 0547702 0694263 0588522 0456713 0762000 0406197 0021215 0944743 0555972 0547702 0123481 0772486 0033554 0115430 0948266 0406197 1055086 0318374 0438139 0406197 0456713 0762000 0580929
 00212150944743 09447431023598 10235980547702 05477020694263 06942630784491 07844910021215 00212150944743 09447431023598 10235980547702 05477020694263 06942630588522 05885220456713 04567130762000 07620000406197 04061970021215 00212150944743 09447430555972 05559720547702 05477020123481 01234810772486 07724860033554 00335540115430 01154300948266 09482660406197 04061971055086 10550860318374 03183740438139 04381390406197 04061970456713 04567130762000 07620000580929
 0580929

VIDEO 0157313 0789553 01573130789553 0789553 -
 -

VIDEO 0009291 0896559 0871851 1055193 00092910896559 08965590871851 08718511055193 1055193 -
 -

VIDEO 0009291 0896559 0871851 1055193 00092910896559 08965590871851 08718511055193 1055193 0009291 0896559 0871851 1055193 0754212 0706184 1111901 0673355 1112955 0888307 1055086 0142544 0546302 0754212 0733318 0381742 0576480
 00092910896559 08965590871851 08718511055193 10551930754212 07542120706184 07061841111901 11119010673355 06733551112955 11129550888307 08883071055086 10550860142544 01425440546302 05463020754212 07542120733318 07333180381742 03817420576480
 0576480

VIDEO 0009291 0896559 0871851 1055193 00092910896559 08965590871851 08718511055193 1055193 0459709 0246396
 04597090246396
 0246396

VIDEO 0474995 0474995 -
 -

OTHER 0838222 0399721 08382220399721 0399721 -
 -

VIDEO 0955698 0925859 0925859 09556980925859 09258590925859 0925859 -
 -

VIDEO 0594154 0904305 05941540904305 0904305 -
 -

VIDEO 0594154 0904305 05941540904305 0904305 -
 -

TRAVEL 0855657 1090580 0539793 0950821 0097217 0792288 0509847 0033554 0115430 0948266 08556571090580 10905800539793 05397930950821 09508210097217 00972170792288 07922880509847 05098470033554 00335540115430 01154300948266 0948266 -
 -

TRAVEL 0855657 1090580 0539793 0950821 0097217 0792288 0509847 0033554 0115430 0948266 08556571090580 10905800539793 05397930950821 09508210097217 00972170792288 07922880509847 05098470033554 00335540115430 01154300948266 0948266 0855657 1090580 0539793 0950821 0097217 0478926 0509847 0588214 1018499 0647255 0650465 0478926 0509847 0033554 0115430 0117972 0762000 0130933 0553058 0387202
 08556571090580 10905800539793 05397930950821 09508210097217 00972170478926 04789260509847 05098470588214 05882141018499 10184990647255 06472550650465 06504650478926 04789260509847 05098470033554 00335540115430 01154300117972 01179720762000 07620000130933 01309330553058 05530580387202
 0387202

TRAVEL 0855657 1090580 0539793 0950821 0097217 0792288 0509847 0033554 0115430 0948266 08556571090580 10905800539793 05397930950821 09508210097217 00972170792288 07922880509847 05098470033554 00335540115430 01154300948266 0948266 -
 -

TRAVEL 0855657 1090580 0539793 0950821 0097217 0792288 0509847 0033554 0115430 0948266 08556571090580 10905800539793 05397930950821 09508210097217 00972170792288 07922880509847 05098470033554 00335540115430 01154300948266 0948266 0855657 1090580 0539793 0950821 0097217 0478926 0509847 0588214 1018499 0647255 0650465 0478926 0509847 0033554 0115430 0117972 0762000 0130933 0553058 0387202
 08556571090580 10905800539793 05397930950821 09508210097217 00972170478926 04789260509847 05098470588214 05882141018499 10184990647255 06472550650465 06504650478926 04789260509847 05098470033554 00335540115430 01154300117972 01179720762000 07620000130933 01309330553058 05530580387202
 0387202

NOVEL 0771245 0678562 0911248 0748782 0246396 07712450678562 06785620911248 09112480748782 07487820246396 0246396 -
 -

VIDEO 0771245 0678562 0911248 0748782 0246396 07712450678562 06785620911248 09112480748782 07487820246396 0246396 -
 -

NOVEL 0771245 0678562 0911248 0748782 0246396 07712450678562 06785620911248 09112480748782 07487820246396 0246396 0771245 0678562 0911248 0754212 0706184 1111901 0673355 1112955 0888307 1055086 0142544 0546302 0754212 0880931 0444946 0673355 1112955
 07712450678562 06785620911248 09112480754212 07542120706184 07061841111901 11119010673355 06733551112955 11129550888307 08883071055086 10550860142544 01425440546302 05463020754212 07542120880931 08809310444946 04449460673355 06733551112955
 1112955

VIDEO 0771245 0678562 0911248 0748782 0246396 07712450678562 06785620911248 09112480748782 07487820246396 0246396 0771245 0678562 0911248 0754212 0706184 1111901 0673355 1112955 0888307 1055086 0142544 0546302 0754212 0880931 0444946 0673355 1112955
 07712450678562 06785620911248 09112480754212 07542120706184 07061841111901 11119010673355 06733551112955 11129550888307 08883071055086 10550860142544 01425440546302 05463020754212 07542120880931 08809310444946 04449460673355 06733551112955
 1112955

TRAVEL 0792288 0509847 0478926 0509847 0033554 0115430 0948266 07922880509847 05098470478926 04789260509847 05098470033554 00335540115430 01154300948266 0948266 -
 -

TRAVEL 0792288 0509847 0478926 0509847 0033554 0115430 0948266 07922880509847 05098470478926 04789260509847 05098470033554 00335540115430 01154300948266 0948266 -
 -

TRAVEL 0792288 0509847 0478926 0509847 0033554 0115430 0948266 07922880509847 05098470478926 04789260509847 05098470033554 00335540115430 01154300948266 0948266 1023598 0918837 0958285
 10235980918837 09188370958285
 0958285

TRAVEL 0792288 0509847 0478926 0509847 0033554 0115430 0948266 07922880509847 05098470478926 04789260509847 05098470033554 00335540115430 01154300948266 0948266 0553058 0387202
 05530580387202
 0387202

TRAVEL 0792288 0509847 0478926 0509847 0033554 0115430 0948266 07922880509847 05098470478926 04789260509847 05098470033554 00335540115430 01154300948266 0948266 0442930 0754615 0491936
 04429300754615 07546150491936
 0491936

TRAVEL 0792288 0509847 0478926 0509847 0033554 0115430 0948266 07922880509847 05098470478926 04789260509847 05098470033554 00335540115430 01154300948266 0948266 0553058 0387202
 05530580387202
 0387202

TRAVEL 0792288 0509847 0478926 0509847 0033554 0115430 0948266 07922880509847 05098470478926 04789260509847 05098470033554 00335540115430 01154300948266 0948266 -
 -

TRAVEL 0792288 0509847 0478926 0509847 0033554 0115430 0948266 07922880509847 05098470478926 04789260509847 05098470033554 00335540115430 01154300948266 0948266 -
 -

TRAVEL 0792288 0509847 0478926 0509847 0033554 0115430 0948266 07922880509847 05098470478926 04789260509847 05098470033554 00335540115430 01154300948266 0948266 1023598 0918837 0958285
 10235980918837 09188370958285
 0958285

TRAVEL 0792288 0509847 0478926 0509847 0033554 0115430 0948266 07922880509847 05098470478926 04789260509847 05098470033554 00335540115430 01154300948266 0948266 0553058 0387202
 05530580387202
 0387202

TRAVEL 0950821 0097217 0539793 1074022 0920200 0654765 09508210097217 00972170539793 05397931074022 10740220920200 09202000654765 0654765 -
 -

TRAVEL 0950821 0097217 0539793 1074022 0920200 0654765 09508210097217 00972170539793 05397931074022 10740220920200 09202000654765 0654765 0984538
 0984538

OTHER 0360741 0360741 -
 -

OTHER 0360741 0360741 0360741 0098613 0673355 0694263
 03607410098613 00986130673355 06733550694263
 0694263

TRAVEL 1134370 0401401 0694263 11343700401401 04014010694263 0694263 -
 -

TRAVEL 1134370 0401401 0694263 11343700401401 04014010694263 0694263 1134370 0401401 0694263 0512458 0255587 0130933 0085828 0762000 0406197 0128578 0432118 0260395 0456713 0406197 0715282 0162820 0444946 0417386 0790345 0601749 0715282 0162820 0297512 0372690
 11343700401401 04014010694263 06942630512458 05124580255587 02555870130933 01309330085828 00858280762000 07620000406197 04061970128578 01285780432118 04321180260395 02603950456713 04567130406197 04061970715282 07152820162820 01628200444946 04449460417386 04173860790345 07903450601749 06017490715282 07152820162820 01628200297512 02975120372690
 0372690

NOVEL 1062359 0609283 0040630 0521889 0591028 10623590609283 06092830040630 00406300521889 05218890591028 0591028 -
 -

NOVEL 1062359 0609283 0040630 0521889 0591028 10623590609283 06092830040630 00406300521889 05218890591028 0591028 1041512 0736121 0638284 0011134 0512458 1062359 0609283 0040630 0521889 0591028 0123481 0772486 0118175 1117219 0754212 1041512 0736121 0638284 0011134 0512458 1062359 0609283 0040630 0521889 0591028 0748782 0158475 0350684 0463453 0754212 1041512 0736121 0580929
 10415120736121 07361210638284 06382840011134 00111340512458 05124581062359 10623590609283 06092830040630 00406300521889 05218890591028 05910280123481 01234810772486 07724860118175 01181751117219 11172190754212 07542121041512 10415120736121 07361210638284 06382840011134 00111340512458 05124581062359 10623590609283 06092830040630 00406300521889 05218890591028 05910280748782 07487820158475 01584750350684 03506840463453 04634530754212 07542121041512 10415120736121 07361210580929
 0580929

NOVEL 1062359 0609283 0040630 0521889 0591028 10623590609283 06092830040630 00406300521889 05218890591028 0591028 
 

GAME 0678562 0785637 06785620785637 0785637 -
 -

GAME 0678562 0785637 06785620785637 0785637 0308130 0289950 0678562 0785637 0694263 0017739 1126966 0573173 0355664 1018962 0878719 0372805 0289705 0412896 0996068 0659825 1080915 0573173 0348043
 03081300289950 02899500678562 06785620785637 07856370694263 06942630017739 00177391126966 11269660573173 05731730355664 03556641018962 10189620878719 08787190372805 03728050289705 02897050412896 04128960996068 09960680659825 06598251080915 10809150573173 05731730348043
 0348043

GAME 0678562 0785637 06785620785637 0785637 0308130 0289950 0678562 0785637 0694263 0017739 1126966 0573173 0355664 1018962 0878719 0372805 0289705 0412896 0996068 0659825 1080915 0573173 0348043
 03081300289950 02899500678562 06785620785637 07856370694263 06942630017739 00177391126966 11269660573173 05731730355664 03556641018962 10189620878719 08787190372805 03728050289705 02897050412896 04128960996068 09960680659825 06598251080915 10809150573173 05731730348043
 0348043

VIDEO 0772486 1018473 0289950 0363098 0339875 0995962 1034216 0035110 1055194 07724861018473 10184730289950 02899500363098 03630980339875 03398750995962 09959621034216 10342160035110 00351101055194 1055194 -
 -

OTHER 0705117 0497892 0491936 0162820 1047250 07051170497892 04978920491936 04919360162820 01628201047250 1047250 -
 -

OTHER 0705117 0497892 0491936 0162820 1047250 07051170497892 04978920491936 04919360162820 01628201047250 1047250 -
 -

OTHER 0705117 0497892 0491936 0162820 1047250 07051170497892 04978920491936 04919360162820 01628201047250 1047250 0705117 0497892 0491936 0162820 0944220 0880931 0444946 0880931 1012920
 07051170497892 04978920491936 04919360162820 01628200944220 09442200880931 08809310444946 04449460880931 08809311012920
 1012920

OTHER 0705117 0497892 0491936 0162820 1047250 07051170497892 04978920491936 04919360162820 01628201047250 1047250 -
 -

OTHER 0705117 0497892 0491936 0162820 1047250 07051170497892 04978920491936 04919360162820 01628201047250 1047250 -
 -

NOVEL 0085242 0472881 0921116 0174335 00852420472881 04728810921116 09211160174335 0174335 -
 -

VIDEO 0085242 0472881 0921116 0174335 00852420472881 04728810921116 09211160174335 0174335 -
 -

NOVEL 0085242 0472881 0921116 0174335 00852420472881 04728810921116 09211160174335 0174335 0085242 0472881 0921116 0174335 0754212 0880931 0444946 0880931 1012920
 00852420472881 04728810921116 09211160174335 01743350754212 07542120880931 08809310444946 04449460880931 08809311012920
 1012920

VIDEO 0085242 0472881 0921116 0174335 00852420472881 04728810921116 09211160174335 0174335 0085242 0472881 0921116 0174335 0754212 0880931 0444946 0880931 1012920
 00852420472881 04728810921116 09211160174335 01743350754212 07542120880931 08809310444946 04449460880931 08809311012920
 1012920

OTHER 0266172 0392342 0711085 0002023 02661720392342 03923420711085 07110850002023 0002023 -
 -

VIDEO 0594154 0904305 05941540904305 0904305 -
 -

OTHER 0266172 0392342 0711085 0002023 02661720392342 03923420711085 07110850002023 0002023 -
 -

OTHER 1022940 0008271 0694263 10229400008271 00082710694263 0694263 -
 -

OTHER 1022940 0008271 0694263 10229400008271 00082710694263 0694263 0245767 1021914 1022940 0008271 0694263 0586450 0031957 0718962 0123481 0855657 0291357 0905407 0309374 0750921 0158475 0491827 0750921 0297512 0372690 0406197 0080861 0621540 0500948 1102534 0578321 0988596 0291357 0588214 0431804 0105324 0545633
 02457671021914 10219141022940 10229400008271 00082710694263 06942630586450 05864500031957 00319570718962 07189620123481 01234810855657 08556570291357 02913570905407 09054070309374 03093740750921 07509210158475 01584750491827 04918270750921 07509210297512 02975120372690 03726900406197 04061970080861 00808610621540 06215400500948 05009481102534 11025340578321 05783210988596 09885960291357 02913570588214 05882140431804 04318040105324 01053240545633
 0545633

GAME 0597211 0123479 0718963 0944743 0162820 0042895 05972110123479 01234790718963 07189630944743 09447430162820 01628200042895 0042895 -
 -

OTHER 0008174 0485846 0255587 0773285 0517582 0374599 0047096 00081740485846 04858460255587 02555870773285 07732850517582 05175820374599 03745990047096 0047096 -
 -

OTHER 0008174 0485846 0255587 0773285 0517582 0374599 0047096 00081740485846 04858460255587 02555870773285 07732850517582 05175820374599 03745990047096 0047096 0008174 0485846 0255587 0773285 0517582 0374599 0047096 0957763 0880931 0444946 0536012 0911248
 00081740485846 04858460255587 02555870773285 07732850517582 05175820374599 03745990047096 00470960957763 09577630880931 08809310444946 04449460536012 05360120911248
 0911248

OTHER 0008174 0485846 0255587 0773285 0517582 0374599 0047096 00081740485846 04858460255587 02555870773285 07732850517582 05175820374599 03745990047096 0047096 -
 -

GAME 0241068 0646805 0607524 0449931 02410680646805 06468050607524 06075240449931 0449931 -
 -

VIDEO 0241068 0646805 0607524 0449931 02410680646805 06468050607524 06075240449931 0449931 -
 -

GAME 0241068 0646805 0607524 0449931 02410680646805 06468050607524 06075240449931 0449931 1034216 0875138 0546639 0331796
 10342160875138 08751380546639 05466390331796
 0331796

VIDEO 0241068 0646805 0607524 0449931 02410680646805 06468050607524 06075240449931 0449931 1034216 0875138 0546639 0331796
 10342160875138 08751380546639 05466390331796
 0331796

GAME 0241068 0646805 0607524 0449931 02410680646805 06468050607524 06075240449931 0449931 -
 -

VIDEO 0241068 0646805 0607524 0449931 02410680646805 06468050607524 06075240449931 0449931 -
 -

NOVEL 0569426 0144463 05694260144463 0144463 -
 -

VIDEO 0569426 0144463 05694260144463 0144463 -
 -

NOVEL 0569426 0144463 05694260144463 0144463 -
 -

VIDEO 0569426 0144463 05694260144463 0144463 -
 -

NOVEL 0569426 0144463 05694260144463 0144463 0569426 0144463 0754212 0880931 0444946 0880931 1012920
 05694260144463 01444630754212 07542120880931 08809310444946 04449460880931 08809311012920
 1012920

VIDEO 0569426 0144463 05694260144463 0144463 0569426 0144463 0754212 0880931 0444946 0880931 1012920
 05694260144463 01444630754212 07542120880931 08809310444946 04449460880931 08809311012920
 1012920

NOVEL 0569426 0144463 05694260144463 0144463 0982816 0569426 0144463 0781505 0202808 0441517 0946324 0077000 0335623 0667003 0442930 0250796 0097217 1065334 0754212 0557667 0926863 0390679 0727209 0995962 0881057 1059968 0399721 0727209 0995962 0490159 0754212 0563980 0836971 0158475 0578321 1023598 0667003 0442930 0250796 0097217 1065334 0982816 0569426 0144463 0781505 0202808 0441517 0946324 0077000 0335623 0406197 0448696 0439302
 09828160569426 05694260144463 01444630781505 07815050202808 02028080441517 04415170946324 09463240077000 00770000335623 03356230667003 06670030442930 04429300250796 02507960097217 00972171065334 10653340754212 07542120557667 05576670926863 09268630390679 03906790727209 07272090995962 09959620881057 08810571059968 10599680399721 03997210727209 07272090995962 09959620490159 04901590754212 07542120563980 05639800836971 08369710158475 01584750578321 05783211023598 10235980667003 06670030442930 04429300250796 02507960097217 00972171065334 10653340982816 09828160569426 05694260144463 01444630781505 07815050202808 02028080441517 04415170946324 09463240077000 00770000335623 03356230406197 04061970448696 04486960439302
 0439302

VIDEO 0569426 0144463 05694260144463 0144463 0982816 0569426 0144463 0781505 0202808 0441517 0946324 0077000 0335623 0667003 0442930 0250796 0097217 1065334 0754212 0557667 0926863 0390679 0727209 0995962 0881057 1059968 0399721 0727209 0995962 0490159 0754212 0563980 0836971 0158475 0578321 1023598 0667003 0442930 0250796 0097217 1065334 0982816 0569426 0144463 0781505 0202808 0441517 0946324 0077000 0335623 0406197 0448696 0439302
 09828160569426 05694260144463 01444630781505 07815050202808 02028080441517 04415170946324 09463240077000 00770000335623 03356230667003 06670030442930 04429300250796 02507960097217 00972171065334 10653340754212 07542120557667 05576670926863 09268630390679 03906790727209 07272090995962 09959620881057 08810571059968 10599680399721 03997210727209 07272090995962 09959620490159 04901590754212 07542120563980 05639800836971 08369710158475 01584750578321 05783211023598 10235980667003 06670030442930 04429300250796 02507960097217 00972171065334 10653340982816 09828160569426 05694260144463 01444630781505 07815050202808 02028080441517 04415170946324 09463240077000 00770000335623 03356230406197 04061970448696 04486960439302
 0439302

NOVEL 0569426 0144463 05694260144463 0144463 -
 -

VIDEO 0569426 0144463 05694260144463 0144463 -
 -

NOVEL 0569426 0144463 05694260144463 0144463 -
 -

VIDEO 0569426 0144463 05694260144463 0144463 -
 -

NOVEL 0569426 0144463 05694260144463 0144463 0569426 0144463 0271248 0667003 0442930 0250796 0097217 1065334 0280867 1034216 0999132 0546639 0384980 1034216 0035110 0546639 0892108 0655567 0158475 0384980 0340659 0589288 0876101 1034216 0377791 0020370 0784491 0976685 0148058 0350684 0463453 0757903 0691963 0024612 1110131 0283231 0591940 0593824 0591940 1046420
 05694260144463 01444630271248 02712480667003 06670030442930 04429300250796 02507960097217 00972171065334 10653340280867 02808671034216 10342160999132 09991320546639 05466390384980 03849801034216 10342160035110 00351100546639 05466390892108 08921080655567 06555670158475 01584750384980 03849800340659 03406590589288 05892880876101 08761011034216 10342160377791 03777910020370 00203700784491 07844910976685 09766850148058 01480580350684 03506840463453 04634530757903 07579030691963 06919630024612 00246121110131 11101310283231 02832310591940 05919400593824 05938240591940 05919401046420
 1046420

VIDEO 0569426 0144463 05694260144463 0144463 0569426 0144463 0271248 0667003 0442930 0250796 0097217 1065334 0280867 1034216 0999132 0546639 0384980 1034216 0035110 0546639 0892108 0655567 0158475 0384980 0340659 0589288 0876101 1034216 0377791 0020370 0784491 0976685 0148058 0350684 0463453 0757903 0691963 0024612 1110131 0283231 0591940 0593824 0591940 1046420
 05694260144463 01444630271248 02712480667003 06670030442930 04429300250796 02507960097217 00972171065334 10653340280867 02808671034216 10342160999132 09991320546639 05466390384980 03849801034216 10342160035110 00351100546639 05466390892108 08921080655567 06555670158475 01584750384980 03849800340659 03406590589288 05892880876101 08761011034216 10342160377791 03777910020370 00203700784491 07844910976685 09766850148058 01480580350684 03506840463453 04634530757903 07579030691963 06919630024612 00246121110131 11101310283231 02832310591940 05919400593824 05938240591940 05919401046420
 1046420

NOVEL 0569426 0144463 05694260144463 0144463 -
 -

VIDEO 0569426 0144463 05694260144463 0144463 -
 -

NOVEL 0569426 0144463 05694260144463 0144463 0569426 0144463 0784491 0832933 1106567 0694263 0569426 0144463 0748782 0158475 0350684 0463453 0406197 0569426 0144463 0377701 0736121 0252531 0406197 0569426 0144463 0748782 0246396 0406197 0569426 0144463 0123481 0772486 0118175 1117219 0580929 0569426 0144463 0512458 0569426 0312896 0569426 0492629 0736121 0291357 0081321 0860630 0790109
 05694260144463 01444630784491 07844910832933 08329331106567 11065670694263 06942630569426 05694260144463 01444630748782 07487820158475 01584750350684 03506840463453 04634530406197 04061970569426 05694260144463 01444630377701 03777010736121 07361210252531 02525310406197 04061970569426 05694260144463 01444630748782 07487820246396 02463960406197 04061970569426 05694260144463 01444630123481 01234810772486 07724860118175 01181751117219 11172190580929 05809290569426 05694260144463 01444630512458 05124580569426 05694260312896 03128960569426 05694260492629 04926290736121 07361210291357 02913570081321 00813210860630 08606300790109
 0790109

VIDEO 0569426 0144463 05694260144463 0144463 0569426 0144463 0784491 0832933 1106567 0694263 0569426 0144463 0748782 0158475 0350684 0463453 0406197 0569426 0144463 0377701 0736121 0252531 0406197 0569426 0144463 0748782 0246396 0406197 0569426 0144463 0123481 0772486 0118175 1117219 0580929 0569426 0144463 0512458 0569426 0312896 0569426 0492629 0736121 0291357 0081321 0860630 0790109
 05694260144463 01444630784491 07844910832933 08329331106567 11065670694263 06942630569426 05694260144463 01444630748782 07487820158475 01584750350684 03506840463453 04634530406197 04061970569426 05694260144463 01444630377701 03777010736121 07361210252531 02525310406197 04061970569426 05694260144463 01444630748782 07487820246396 02463960406197 04061970569426 05694260144463 01444630123481 01234810772486 07724860118175 01181751117219 11172190580929 05809290569426 05694260144463 01444630512458 05124580569426 05694260312896 03128960569426 05694260492629 04926290736121 07361210291357 02913570081321 00813210860630 08606300790109
 0790109

NOVEL 0569426 0144463 05694260144463 0144463 -
 -

VIDEO 0569426 0144463 05694260144463 0144463 -
 -

NOVEL 0569426 0144463 05694260144463 0144463 -
 -

VIDEO 0569426 0144463 05694260144463 0144463 -
 -

VIDEO 0389422 0757638 03894220757638 0757638 -
 -

VIDEO 0389422 0757638 03894220757638 0757638 0389422 0824446 0880931 0444946 0880931 1012920
 03894220824446 08244460880931 08809310444946 04449460880931 08809311012920
 1012920

GAME 0162820 0412439 0694263 0424184 0085828 0162820 0042895 01628200412439 04124390694263 06942630424184 04241840085828 00858280162820 01628200042895 0042895 -
 -

GAME 0162820 0412439 0694263 0424184 0085828 0162820 0042895 01628200412439 04124390694263 06942630424184 04241840085828 00858280162820 01628200042895 0042895 0424184 0085828 0162820 0042895 0754212 0424184 0085828 0162820 0042895 0736121 0252531 0754212 0031957 0718962 0424184 0085828 0162820 0042895 0361819 0780918 0754212 0162820 0412439 0694263
 04241840085828 00858280162820 01628200042895 00428950754212 07542120424184 04241840085828 00858280162820 01628200042895 00428950736121 07361210252531 02525310754212 07542120031957 00319570718962 07189620424184 04241840085828 00858280162820 01628200042895 00428950361819 03618190780918 07809180754212 07542120162820 01628200412439 04124390694263
 0694263

VIDEO 1035752 0593913 0605541 0388397 10357520593913 05939130605541 06055410388397 0388397 -
 -

VIDEO 0049361 0225057 0738061 0295401 0222565 00493610225057 02250570738061 07380610295401 02954010222565 0222565 -
 -

NOVEL 0049361 0225057 0738061 0295401 0222565 00493610225057 02250570738061 07380610295401 02954010222565 0222565 -
 -

VIDEO 0049361 0225057 0738061 0295401 0222565 00493610225057 02250570738061 07380610295401 02954010222565 0222565 0049361 0225057 0738061 0295401 0222565 0754212 0880931 0444946 0880931 1012920
 00493610225057 02250570738061 07380610295401 02954010222565 02225650754212 07542120880931 08809310444946 04449460880931 08809311012920
 1012920

NOVEL 0049361 0225057 0738061 0295401 0222565 00493610225057 02250570738061 07380610295401 02954010222565 0222565 0049361 0225057 0738061 0295401 0222565 0754212 0880931 0444946 0880931 1012920
 00493610225057 02250570738061 07380610295401 02954010222565 02225650754212 07542120880931 08809310444946 04449460880931 08809311012920
 1012920

NOVEL 0266555 0733318 0447686 0299555 02665550733318 07333180447686 04476860299555 0299555 -
 -

VIDEO 0266555 0733318 0447686 0299555 02665550733318 07333180447686 04476860299555 0299555 -
 -

NOVEL 0266555 0733318 0447686 0299555 02665550733318 07333180447686 04476860299555 0299555 0266555 0733318 0447686 0299555 0807318 0694397 0888307 1055086 0142544 0546302 0784491 0464472 0673355 0694263
 02665550733318 07333180447686 04476860299555 02995550807318 08073180694397 06943970888307 08883071055086 10550860142544 01425440546302 05463020784491 07844910464472 04644720673355 06733550694263
 0694263

VIDEO 0266555 0733318 0447686 0299555 02665550733318 07333180447686 04476860299555 0299555 0266555 0733318 0447686 0299555 0807318 0694397 0888307 1055086 0142544 0546302 0784491 0464472 0673355 0694263
 02665550733318 07333180447686 04476860299555 02995550807318 08073180694397 06943970888307 08883071055086 10550860142544 01425440546302 05463020784491 07844910464472 04644720673355 06733550694263
 0694263

GAME 0010782 0409707 0194326 0509847 0173270 00107820409707 04097070194326 01943260509847 05098470173270 0173270 -
 -

VIDEO 0010782 0409707 0194326 0509847 0173270 00107820409707 04097070194326 01943260509847 05098470173270 0173270 -
 -

GAME 0010782 0409707 0194326 0509847 0173270 00107820409707 04097070194326 01943260509847 05098470173270 0173270 0331796 0201096
 03317960201096
 0201096

VIDEO 0010782 0409707 0194326 0509847 0173270 00107820409707 04097070194326 01943260509847 05098470173270 0173270 0331796 0201096
 03317960201096
 0201096

GAME 0010782 0409707 0194326 0509847 0173270 00107820409707 04097070194326 01943260509847 05098470173270 0173270 0010782 0409707 0194326 0509847 0173270 0467333 0918973 0498685 0754212 0010782 0409707 0194326 0509847 0173270 0467333 0918973 0498685 0031957 0158475 1055304 0736121 0252531 0754212 0010782 0409707 0194326 0509847 0173270 0467333 0918973 0580929
 00107820409707 04097070194326 01943260509847 05098470173270 01732700467333 04673330918973 09189730498685 04986850754212 07542120010782 00107820409707 04097070194326 01943260509847 05098470173270 01732700467333 04673330918973 09189730498685 04986850031957 00319570158475 01584751055304 10553040736121 07361210252531 02525310754212 07542120010782 00107820409707 04097070194326 01943260509847 05098470173270 01732700467333 04673330918973 09189730580929
 0580929

VIDEO 0010782 0409707 0194326 0509847 0173270 00107820409707 04097070194326 01943260509847 05098470173270 0173270 0010782 0409707 0194326 0509847 0173270 0467333 0918973 0498685 0754212 0010782 0409707 0194326 0509847 0173270 0467333 0918973 0498685 0031957 0158475 1055304 0736121 0252531 0754212 0010782 0409707 0194326 0509847 0173270 0467333 0918973 0580929
 00107820409707 04097070194326 01943260509847 05098470173270 01732700467333 04673330918973 09189730498685 04986850754212 07542120010782 00107820409707 04097070194326 01943260509847 05098470173270 01732700467333 04673330918973 09189730498685 04986850031957 00319570158475 01584751055304 10553040736121 07361210252531 02525310754212 07542120010782 00107820409707 04097070194326 01943260509847 05098470173270 01732700467333 04673330918973 09189730580929
 0580929

VIDEO 0021215 0828628 0269091 00212150828628 08286280269091 0269091 -
 -

VIDEO 1017432 0688815 0174229 10174320688815 06888150174229 0174229 -
 -

VIDEO 0322801 1001484 03228011001484 1001484 -
 -

ZIPCODE 0208773 0754615 0831957 1109425 02087730754615 07546150831957 08319571109425 1109425 -
 -

VIDEO 0608067 0608067 0608067 06080670608067 06080670608067 0608067 -
 -

NOVEL 0558972 0448696 0371451 0202808 05589720448696 04486960371451 03714510202808 0202808 -
 -

VIDEO 0558972 0448696 0371451 0202808 05589720448696 04486960371451 03714510202808 0202808 -
 -

NOVEL 0558972 0448696 0371451 0202808 05589720448696 04486960371451 03714510202808 0202808 0553058 0546302 0214743 0558972 0448696 0371451 0202808 0172646 0748782 0546639 0855682 1040693 0306220 0931307 0763666
 05530580546302 05463020214743 02147430558972 05589720448696 04486960371451 03714510202808 02028080172646 01726460748782 07487820546639 05466390855682 08556821040693 10406930306220 03062200931307 09313070763666
 0763666

VIDEO 0558972 0448696 0371451 0202808 05589720448696 04486960371451 03714510202808 0202808 0553058 0546302 0214743 0558972 0448696 0371451 0202808 0172646 0748782 0546639 0855682 1040693 0306220 0931307 0763666
 05530580546302 05463020214743 02147430558972 05589720448696 04486960371451 03714510202808 02028080172646 01726460748782 07487820546639 05466390855682 08556821040693 10406930306220 03062200931307 09313070763666
 0763666

VIDEO 0449930 0995962 04499300995962 0995962 -
 -

VIDEO 0449930 0995962 04499300995962 0995962 0678219 0185093 0894386
 06782190185093 01850930894386
 0894386

VIDEO 0449930 0995962 04499300995962 0995962 -
 -

TRAVEL 0961838 0161381 0715282 0162820 0694263 09618380161381 01613810715282 07152820162820 01628200694263 0694263 -
 -

TRAVEL 0961838 0161381 0715282 0162820 0694263 09618380161381 01613810715282 07152820162820 01628200694263 0694263 0961838 0161381 0918837 0715282 0162820 0694263 0271248 0387462 0959886 1055304
 09618380161381 01613810918837 09188370715282 07152820162820 01628200694263 06942630271248 02712480387462 03874620959886 09598861055304
 1055304

TRAVEL 0961838 0161381 0715282 0162820 0694263 09618380161381 01613810715282 07152820162820 01628200694263 0694263 -
 -

TRAVEL 0961838 0161381 0715282 0162820 0694263 09618380161381 01613810715282 07152820162820 01628200694263 0694263 0961838 0161381 0918837 0715282 0162820 0694263 0271248 0387462 0959886 1055304
 09618380161381 01613810918837 09188370715282 07152820162820 01628200694263 06942630271248 02712480387462 03874620959886 09598861055304
 1055304

TRAVEL 0961838 0161381 0715282 0162820 0694263 09618380161381 01613810715282 07152820162820 01628200694263 0694263 -
 -

TRAVEL 0961838 0161381 0715282 0162820 0694263 09618380161381 01613810715282 07152820162820 01628200694263 0694263 0961838 0161381 0918837 0715282 0162820 0694263 0271248 0387462 0959886 1055304
 09618380161381 01613810918837 09188370715282 07152820162820 01628200694263 06942630271248 02712480387462 03874620959886 09598861055304
 1055304

TRAVEL 0961838 0161381 0715282 0162820 0694263 09618380161381 01613810715282 07152820162820 01628200694263 0694263 0961838 0161381 0918837 0715282 0162820 0694263 0271248 0387462 0959886 1055304
 09618380161381 01613810918837 09188370715282 07152820162820 01628200694263 06942630271248 02712480387462 03874620959886 09598861055304
 1055304

NOVEL 0479741 0138873 0781505 0104962 0619361 0059924 0934701 04797410138873 01388730781505 07815050104962 01049620619361 06193610059924 00599240934701 0934701 -
 -

NOVEL 0479741 0138873 0781505 0104962 0619361 0059924 0934701 04797410138873 01388730781505 07815050104962 01049620619361 06193610059924 00599240934701 0934701 0479741 0138873 0781505 0104962 0619361 0059924 0934701 0123481 0772486 0118175 1117219 0478926 0948266 0754212 0479741 0138873 0781505 0104962 0619361 0059924 0934701 0748782 0158475 0350684 0463453 0754212 0479741 0138873 0781505 0104962 0619361 0580929
 04797410138873 01388730781505 07815050104962 01049620619361 06193610059924 00599240934701 09347010123481 01234810772486 07724860118175 01181751117219 11172190478926 04789260948266 09482660754212 07542120479741 04797410138873 01388730781505 07815050104962 01049620619361 06193610059924 00599240934701 09347010748782 07487820158475 01584750350684 03506840463453 04634530754212 07542120479741 04797410138873 01388730781505 07815050104962 01049620619361 06193610580929
 0580929

VIDEO 0108541 0515280 01085410515280 0515280 -
 -

VIDEO 0108541 0515280 01085410515280 0515280 1099708 0540822 0703169 0315215 0093181 0612638 0524332 0679039 0902310 0108541 0515280 0686684 0162607 0876320 0221986 0733318 1123536 0495323 0401401 0641804
 10997080540822 05408220703169 07031690315215 03152150093181 00931810612638 06126380524332 05243320679039 06790390902310 09023100108541 01085410515280 05152800686684 06866840162607 01626070876320 08763200221986 02219860733318 07333181123536 11235360495323 04953230401401 04014010641804
 0641804

VIDEO 0108541 0515280 01085410515280 0515280 0108541 0515280 0754212 0880931 0444946 0880931 1012920
 01085410515280 05152800754212 07542120880931 08809310444946 04449460880931 08809311012920
 1012920

NOVEL 0220949 0610559 0706184 0283234 0888307 0612638 0918837 0727209 0995962 02209490610559 06105590706184 07061840283234 02832340888307 08883070612638 06126380918837 09188370727209 07272090995962 0995962 -
 -

NOVEL 0220949 0610559 0706184 0283234 0888307 0612638 0918837 0727209 0995962 02209490610559 06105590706184 07061840283234 02832340888307 08883070612638 06126380918837 09188370727209 07272090995962 0995962 -
 -

NOVEL 0220949 0610559 0706184 0283234 0888307 0612638 0918837 0727209 0995962 02209490610559 06105590706184 07061840283234 02832340888307 08883070612638 06126380918837 09188370727209 07272090995962 0995962 0220949 0610559 0706184 0283234 0888307 0612638 0918837 0406197 0220949 0610559 0706184 0283234 0888307 0612638 0918837 0123481 0772486 0118175 1117219 0784491 0863141 0077243
 02209490610559 06105590706184 07061840283234 02832340888307 08883070612638 06126380918837 09188370406197 04061970220949 02209490610559 06105590706184 07061840283234 02832340888307 08883070612638 06126380918837 09188370123481 01234810772486 07724860118175 01181751117219 11172190784491 07844910863141 08631410077243
 0077243

NOVEL 0220949 0610559 0706184 0283234 0888307 0612638 0918837 0727209 0995962 02209490610559 06105590706184 07061840283234 02832340888307 08883070612638 06126380918837 09188370727209 07272090995962 0995962 -
 -

NOVEL 0220949 0610559 0706184 0283234 0888307 0612638 0918837 0727209 0995962 02209490610559 06105590706184 07061840283234 02832340888307 08883070612638 06126380918837 09188370727209 07272090995962 0995962 -
 -

NOVEL 0220949 0610559 0706184 0283234 0888307 0612638 0918837 0727209 0995962 02209490610559 06105590706184 07061840283234 02832340888307 08883070612638 06126380918837 09188370727209 07272090995962 0995962 0123481 1039257 0902310 0694599
 01234811039257 10392570902310 09023100694599
 0694599

NOVEL 0220949 0610559 0706184 0283234 0888307 0612638 0918837 0727209 0995962 02209490610559 06105590706184 07061840283234 02832340888307 08883070612638 06126380918837 09188370727209 07272090995962 0995962 0220949 0610559 0706184 0283234 0888307 0612638 0918837 0754212 0220949 0610559 0706184 0283234 0888307 0612638 0918837 0748782 0158475 0350684 0463453 0754212 0003252 0528981 0439933 0694599 0754212 0289703 0318374 1105456
 02209490610559 06105590706184 07061840283234 02832340888307 08883070612638 06126380918837 09188370754212 07542120220949 02209490610559 06105590706184 07061840283234 02832340888307 08883070612638 06126380918837 09188370748782 07487820158475 01584750350684 03506840463453 04634530754212 07542120003252 00032520528981 05289810439933 04399330694599 06945990754212 07542120289703 02897030318374 03183741105456
 1105456

NOVEL 0220949 0610559 0706184 0283234 0888307 0612638 0918837 0727209 0995962 02209490610559 06105590706184 07061840283234 02832340888307 08883070612638 06126380918837 09188370727209 07272090995962 0995962 -
 -

NOVEL 0220949 0610559 0706184 0283234 0888307 0612638 0918837 0727209 0995962 02209490610559 06105590706184 07061840283234 02832340888307 08883070612638 06126380918837 09188370727209 07272090995962 0995962 0220949 0610559 0706184 0283234 0888307 0612638 0918837 0754212 0220949 0610559 0706184 0283234 0888307 0612638 0918837 0748782 0158475 0350684 0463453 0754212 0003252 0528981 0439933 0694599 0754212 0289703 0318374 1105456
 02209490610559 06105590706184 07061840283234 02832340888307 08883070612638 06126380918837 09188370754212 07542120220949 02209490610559 06105590706184 07061840283234 02832340888307 08883070612638 06126380918837 09188370748782 07487820158475 01584750350684 03506840463453 04634530754212 07542120003252 00032520528981 05289810439933 04399330694599 06945990754212 07542120289703 02897030318374 03183741105456
 1105456

NOVEL 0220949 0610559 0706184 0283234 0888307 0612638 0918837 0727209 0995962 02209490610559 06105590706184 07061840283234 02832340888307 08883070612638 06126380918837 09188370727209 07272090995962 0995962 0220949 0610559 0706184 0283234 0888307 0612638 0918837 0123481 0772486 0118175 1117219 0638284 1050903 1098550 0021215 0561134 0784491 0733318 0123832 0727209 0995962 0694263
 02209490610559 06105590706184 07061840283234 02832340888307 08883070612638 06126380918837 09188370123481 01234810772486 07724860118175 01181751117219 11172190638284 06382841050903 10509031098550 10985500021215 00212150561134 05611340784491 07844910733318 07333180123832 01238320727209 07272090995962 09959620694263
 0694263

NOVEL 0220949 0610559 0706184 0283234 0888307 0612638 0918837 0727209 0995962 02209490610559 06105590706184 07061840283234 02832340888307 08883070612638 06126380918837 09188370727209 07272090995962 0995962 0123481 1039257 0902310 0694599
 01234811039257 10392570902310 09023100694599
 0694599

GAME 0399721 0686684 0727209 0162820 0042895 03997210686684 06866840727209 07272090162820 01628200042895 0042895 -
 -

VIDEO 0399721 0686684 0727209 0162820 0042895 03997210686684 06866840727209 07272090162820 01628200042895 0042895 -
 -

GAME 0399721 0686684 0727209 0162820 0042895 03997210686684 06866840727209 07272090162820 01628200042895 0042895 0225635 0727209 0162820 0042895 0774308 0399721 0686684 0162820 0042895 0774308 0399721 0686684 0530046 0170104 0049361 0092620 0406197 0399721 0686684 0727209 0162820 0042895 0406197 0399721 0686684 0530046 0170104 0580929 0790345 0106377 1059187 0108865 0879828 0708416 0550803
 02256350727209 07272090162820 01628200042895 00428950774308 07743080399721 03997210686684 06866840162820 01628200042895 00428950774308 07743080399721 03997210686684 06866840530046 05300460170104 01701040049361 00493610092620 00926200406197 04061970399721 03997210686684 06866840727209 07272090162820 01628200042895 00428950406197 04061970399721 03997210686684 06866840530046 05300460170104 01701040580929 05809290790345 07903450106377 01063771059187 10591870108865 01088650879828 08798280708416 07084160550803
 0550803

VIDEO 0399721 0686684 0727209 0162820 0042895 03997210686684 06866840727209 07272090162820 01628200042895 0042895 0225635 0727209 0162820 0042895 0774308 0399721 0686684 0162820 0042895 0774308 0399721 0686684 0530046 0170104 0049361 0092620 0406197 0399721 0686684 0727209 0162820 0042895 0406197 0399721 0686684 0530046 0170104 0580929 0790345 0106377 1059187 0108865 0879828 0708416 0550803
 02256350727209 07272090162820 01628200042895 00428950774308 07743080399721 03997210686684 06866840162820 01628200042895 00428950774308 07743080399721 03997210686684 06866840530046 05300460170104 01701040049361 00493610092620 00926200406197 04061970399721 03997210686684 06866840727209 07272090162820 01628200042895 00428950406197 04061970399721 03997210686684 06866840530046 05300460170104 01701040580929 05809290790345 07903450106377 01063771059187 10591870108865 01088650879828 08798280708416 07084160550803
 0550803

GAME 0399721 0686684 0727209 0162820 0042895 03997210686684 06866840727209 07272090162820 01628200042895 0042895 0884749 0085243 0727209 0162820 0042895 0754212 1101400 0074554 0399721 0686684 0727209 0162820 0042895 0754212 0965192 0085243 0693595 0838222 0461549 1025301 0123480 1062359 0838222 0987904 0507364 0727209 0162820 0042895 0190918 0884749 0085243 0727209 0162820 0042895 0855657 0748782 0996068 0659825 0794357
 08847490085243 00852430727209 07272090162820 01628200042895 00428950754212 07542121101400 11014000074554 00745540399721 03997210686684 06866840727209 07272090162820 01628200042895 00428950754212 07542120965192 09651920085243 00852430693595 06935950838222 08382220461549 04615491025301 10253010123480 01234801062359 10623590838222 08382220987904 09879040507364 05073640727209 07272090162820 01628200042895 00428950190918 01909180884749 08847490085243 00852430727209 07272090162820 01628200042895 00428950855657 08556570748782 07487820996068 09960680659825 06598250794357
 0794357

VIDEO 0399721 0686684 0727209 0162820 0042895 03997210686684 06866840727209 07272090162820 01628200042895 0042895 0884749 0085243 0727209 0162820 0042895 0754212 1101400 0074554 0399721 0686684 0727209 0162820 0042895 0754212 0965192 0085243 0693595 0838222 0461549 1025301 0123480 1062359 0838222 0987904 0507364 0727209 0162820 0042895 0190918 0884749 0085243 0727209 0162820 0042895 0855657 0748782 0996068 0659825 0794357
 08847490085243 00852430727209 07272090162820 01628200042895 00428950754212 07542121101400 11014000074554 00745540399721 03997210686684 06866840727209 07272090162820 01628200042895 00428950754212 07542120965192 09651920085243 00852430693595 06935950838222 08382220461549 04615491025301 10253010123480 01234801062359 10623590838222 08382220987904 09879040507364 05073640727209 07272090162820 01628200042895 00428950190918 01909180884749 08847490085243 00852430727209 07272090162820 01628200042895 00428950855657 08556570748782 07487820996068 09960680659825 06598250794357
 0794357

VIDEO 0534713 0555638 0979292 0464472 0546639 05347130555638 05556380979292 09792920464472 04644720546639 0546639 -
 -

VIDEO 0534713 0555638 0979292 0464472 0546639 05347130555638 05556380979292 09792920464472 04644720546639 0546639 0185923 0528981 0534713 0555638 0162820 0042895 1080916 0770907 0534713 0555638 0979292 0464472 0546639 1059187 1055617 0259503 0701814 0438139 0696148 0214274 0856139 1112955 0911248 0754212 0951375 0614607 0694263
 01859230528981 05289810534713 05347130555638 05556380162820 01628200042895 00428951080916 10809160770907 07709070534713 05347130555638 05556380979292 09792920464472 04644720546639 05466391059187 10591871055617 10556170259503 02595030701814 07018140438139 04381390696148 06961480214274 02142740856139 08561391112955 11129550911248 09112480754212 07542120951375 09513750614607 06146070694263
 0694263

VIDEO 0534713 0555638 0979292 0464472 0546639 05347130555638 05556380979292 09792920464472 04644720546639 0546639 -
 -

VIDEO 0534713 0555638 0979292 0464472 0546639 05347130555638 05556380979292 09792920464472 04644720546639 0546639 1085353 0464136 0512458 1126862 0410579 0176703 0295063 1042506 1017669 0214743 0534713 0555638 0979292 0464472 0546639 0172646 0754212 0772486 0003252 0588522 1025301 0754212 0772486 0003252 0694263
 10853530464136 04641360512458 05124581126862 11268620410579 04105790176703 01767030295063 02950631042506 10425061017669 10176690214743 02147430534713 05347130555638 05556380979292 09792920464472 04644720546639 05466390172646 01726460754212 07542120772486 07724860003252 00032520588522 05885221025301 10253010754212 07542120772486 07724860003252 00032520694263
 0694263

VIDEO 0534713 0555638 0979292 0464472 0546639 05347130555638 05556380979292 09792920464472 04644720546639 0546639 0479956 0372690 0238317 0123481 0855657 0534713 0555638 0979292 0464472 0546639 0754212 0161381 1025301 0694263 0772486 1061372 0031957 0054135
 04799560372690 03726900238317 02383170123481 01234810855657 08556570534713 05347130555638 05556380979292 09792920464472 04644720546639 05466390754212 07542120161381 01613811025301 10253010694263 06942630772486 07724861061372 10613720031957 00319570054135
 0054135

OTHER 0355664 0388397 0002222 03556640388397 03883970002222 0002222 -
 -

OTHER 0355664 0388397 0002222 03556640388397 03883970002222 0002222 0343774 0559769
 03437740559769
 0559769

VIDEO 0566298 0974387 0214274 05662980974387 09743870214274 0214274 -
 -

VIDEO 0566298 0974387 0214274 05662980974387 09743870214274 0214274 0566298 0974387 0214274 0754212 0880931 0444946 0880931 1012920
 05662980974387 09743870214274 02142740754212 07542120880931 08809310444946 04449460880931 08809311012920
 1012920

GAME 1042506 0539460 0437326 1025301 0869266 0104869 10425060539460 05394600437326 04373261025301 10253010869266 08692660104869 0104869 -
 -

VIDEO 1042506 0539460 0437326 1025301 0869266 0104869 10425060539460 05394600437326 04373261025301 10253010869266 08692660104869 0104869 -
 -

GAME 1042506 0539460 0437326 1025301 0869266 0104869 10425060539460 05394600437326 04373261025301 10253010869266 08692660104869 0104869 1042506 0539460 0437326 1025301 0869266 0231073
 10425060539460 05394600437326 04373261025301 10253010869266 08692660231073
 0231073

VIDEO 1042506 0539460 0437326 1025301 0869266 0104869 10425060539460 05394600437326 04373261025301 10253010869266 08692660104869 0104869 1042506 0539460 0437326 1025301 0869266 0231073
 10425060539460 05394600437326 04373261025301 10253010869266 08692660231073
 0231073

GAME 1042506 0539460 0437326 1025301 0869266 0377791 10425060539460 05394600437326 04373261025301 10253010869266 08692660377791 0377791 -
 -

VIDEO 1042506 0539460 0437326 1025301 0869266 0377791 10425060539460 05394600437326 04373261025301 10253010869266 08692660377791 0377791 -
 -

GAME 1042506 0539460 0437326 1025301 0869266 0377791 10425060539460 05394600437326 04373261025301 10253010869266 08692660377791 0377791 1042506 0539460 0437326 1025301 0869266 1047250
 10425060539460 05394600437326 04373261025301 10253010869266 08692661047250
 1047250

VIDEO 1042506 0539460 0437326 1025301 0869266 0377791 10425060539460 05394600437326 04373261025301 10253010869266 08692660377791 0377791 1042506 0539460 0437326 1025301 0869266 1047250
 10425060539460 05394600437326 04373261025301 10253010869266 08692661047250
 1047250

VIDEO 1042506 0539460 0437326 1025301 0869266 1047250 10425060539460 05394600437326 04373261025301 10253010869266 08692661047250 1047250 -
 -

GAME 1042506 0539460 0437326 1025301 0869266 1047250 10425060539460 05394600437326 04373261025301 10253010869266 08692661047250 1047250 -
 -

VIDEO 1042506 0539460 0437326 1025301 0869266 1047250 10425060539460 05394600437326 04373261025301 10253010869266 08692661047250 1047250 0793801 0376950 0763666
 07938010376950 03769500763666
 0763666

GAME 1042506 0539460 0437326 1025301 0869266 1047250 10425060539460 05394600437326 04373261025301 10253010869266 08692661047250 1047250 0793801 0376950 0763666
 07938010376950 03769500763666
 0763666

VIDEO 1042506 0539460 0437326 1025301 0869266 1047250 10425060539460 05394600437326 04373261025301 10253010869266 08692661047250 1047250 1042506 0539460 0437326 1025301 0869266 1046420
 10425060539460 05394600437326 04373261025301 10253010869266 08692661046420
 1046420

GAME 1042506 0539460 0437326 1025301 0869266 1047250 10425060539460 05394600437326 04373261025301 10253010869266 08692661047250 1047250 1042506 0539460 0437326 1025301 0869266 1046420
 10425060539460 05394600437326 04373261025301 10253010869266 08692661046420
 1046420

VIDEO 0460925 0679140 0029909 0377791 0642444 0449931 04609250679140 06791400029909 00299090377791 03777910642444 06424440449931 0449931 -
 -

VIDEO 0460925 0679140 0029909 0377791 0642444 0449931 04609250679140 06791400029909 00299090377791 03777910642444 06424440449931 0449931 0460925 0679140 0029909 0338322 0706184 1111901 0673355 1112955 0888307 1055086 0142544 0546302 0754212 0880931 0444946 0673355 1112955
 04609250679140 06791400029909 00299090338322 03383220706184 07061841111901 11119010673355 06733551112955 11129550888307 08883071055086 10550860142544 01425440546302 05463020754212 07542120880931 08809310444946 04449460673355 06733551112955
 1112955

VIDEO 0460925 0679140 0029909 0377791 0642444 0449931 04609250679140 06791400029909 00299090377791 03777910642444 06424440449931 0449931 0982816 0460925 0679140 0029909 0773423 0460925 0679140 0029909 0193663 0335623 0706184 1111901 0642444 0449931 0888307 1055086 0142544 0546302 0784491 1012920 1076825 0775648 0642444 0449931 0784491 0880931 0444946 0449931 0593913 0580929
 09828160460925 04609250679140 06791400029909 00299090773423 07734230460925 04609250679140 06791400029909 00299090193663 01936630335623 03356230706184 07061841111901 11119010642444 06424440449931 04499310888307 08883071055086 10550860142544 01425440546302 05463020784491 07844911012920 10129201076825 10768250775648 07756480642444 06424440449931 04499310784491 07844910880931 08809310444946 04449460449931 04499310593913 05939130580929
 0580929

VIDEO 0460925 0679140 0029909 0377791 0642444 0449931 04609250679140 06791400029909 00299090377791 03777910642444 06424440449931 0449931 0460925 0679140 0029909 0377791 1012920 1076825 0642444 0449931 0784491 0888307 1055086 0142544 0546302 0872537 0733318 1112955 0911248
 04609250679140 06791400029909 00299090377791 03777911012920 10129201076825 10768250642444 06424440449931 04499310784491 07844910888307 08883071055086 10550860142544 01425440546302 05463020872537 08725370733318 07333181112955 11129550911248
 0911248

VIDEO 0715635 0838222 07156350838222 0838222 -
 -

OTHER 0064665 0005685 0655567 0839115 1055304 00646650005685 00056850655567 06555670839115 08391151055304 1055304 -
 -

OTHER 0064665 0005685 0655567 0839115 1055304 00646650005685 00056850655567 06555670839115 08391151055304 1055304 0982816 0064665 0005685 0335623 0771245 0412439 0694263 0162820 0976685 0148058 0781505 0750921 0406197 0543437 0904305 0709617 0553518 0010782 1126966 0539299 0464472 0312542
 09828160064665 00646650005685 00056850335623 03356230771245 07712450412439 04124390694263 06942630162820 01628200976685 09766850148058 01480580781505 07815050750921 07509210406197 04061970543437 05434370904305 09043050709617 07096170553518 05535180010782 00107821126966 11269660539299 05392990464472 04644720312542
 0312542

OTHER 0386891 0923912 0748782 1041723 0222565 0736121 0252531 03868910923912 09239120748782 07487821041723 10417230222565 02225650736121 07361210252531 0252531 -
 -

OTHER 0386891 0923912 0748782 1041723 0222565 0736121 0252531 03868910923912 09239120748782 07487821041723 10417230222565 02225650736121 07361210252531 0252531 0386891 0923912 0748782 1041723 0222565 0689417 0923912 0748782 0031957 0054135
 03868910923912 09239120748782 07487821041723 10417230222565 02225650689417 06894170923912 09239120748782 07487820031957 00319570054135
 0054135

VIDEO 0594154 0904305 05941540904305 0904305 -
 -

VIDEO 0594154 0904305 05941540904305 0904305 0594154 0904305 0228610 0082020 0715635 0790904 1027000 0327907 1030334 1092614 0975172 0097217 1027000 0979162 0148991 0214083 1045402 0948266 0580929
 05941540904305 09043050228610 02286100082020 00820200715635 07156350790904 07909041027000 10270000327907 03279071030334 10303341092614 10926140975172 09751720097217 00972171027000 10270000979162 09791620148991 01489910214083 02140831045402 10454020948266 09482660580929
 0580929

VIDEO 1079654 0809167 0866618 1040473 10796540809167 08091670866618 08666181040473 1040473 -
 -

VIDEO 1079654 0809167 0866618 1040473 10796540809167 08091670866618 08666181040473 1040473 -
 -

VIDEO 0916662 0242155 0312543 09166620242155 02421550312543 0312543 -
 -

VIDEO 0916662 0242155 0312543 09166620242155 02421550312543 0312543 0916662 0242155 0312543 0754212 0880931 0444946 0880931 1012920
 09166620242155 02421550312543 03125430754212 07542120880931 08809310444946 04449460880931 08809311012920
 1012920

OTHER 1041512 1041512 0546194 0682906 10415121041512 10415120546194 05461940682906 0682906 -
 -

OTHER 1041512 1041512 0546194 0682906 10415121041512 10415120546194 05461940682906 0682906 -
 -

GAME 0694263 0311088 0162820 0042895 06942630311088 03110880162820 01628200042895 0042895 -
 -

GAME 0694263 0311088 0162820 0042895 06942630311088 03110880162820 01628200042895 0042895 0736121 0999132 0020370
 07361210999132 09991320020370
 0020370

GAME 0694263 0311088 0162820 0042895 06942630311088 03110880162820 01628200042895 0042895 0736121 0999132 0020370
 07361210999132 09991320020370
 0020370

GAME 0694263 0311088 0162820 0042895 06942630311088 03110880162820 01628200042895 0042895 0736121 0999132 0020370
 07361210999132 09991320020370
 0020370

GAME 0694263 0311088 0162820 0042895 06942630311088 03110880162820 01628200042895 0042895 0736121 0999132 0020370
 07361210999132 09991320020370
 0020370

GAME 0694263 0311088 0162820 0042895 06942630311088 03110880162820 01628200042895 0042895 0736121 0999132 0020370
 07361210999132 09991320020370
 0020370

GAME 0694263 0311088 0162820 0042895 06942630311088 03110880162820 01628200042895 0042895 0231073
 0231073

GAME 0694263 0311088 0162820 0042895 06942630311088 03110880162820 01628200042895 0042895 1118447 0964616 0736121 0252531
 11184470964616 09646160736121 07361210252531
 0252531

GAME 0694263 0311088 0162820 0042895 06942630311088 03110880162820 01628200042895 0042895 0694263 0311088 0162820 0042895 0754212 0880931 0444946 0880931 1012920
 06942630311088 03110880162820 01628200042895 00428950754212 07542120880931 08809310444946 04449460880931 08809311012920
 1012920

GAME 0337103 0564213 0792288 1055086 03371030564213 05642130792288 07922881055086 1055086 -
 -

VIDEO 0337103 0564213 0792288 1055086 03371030564213 05642130792288 07922881055086 1055086 -
 -

VIDEO 0337103 0564213 0792288 1055086 0406859 0601749 0041763 0479957 03371030564213 05642130792288 07922881055086 10550860406859 04068590601749 06017490041763 00417630479957 0479957 -
 -

VIDEO 0337103 0564213 0792288 1055086 0406859 0601749 0041763 0479957 03371030564213 05642130792288 07922881055086 10550860406859 04068590601749 06017490041763 00417630479957 0479957 0000247 0337103 0564213 0792288 1055086 0406859 0601749 0041763 0809620 0642444 0673355 0041763 0479957
 00002470337103 03371030564213 05642130792288 07922881055086 10550860406859 04068590601749 06017490041763 00417630809620 08096200642444 06424440673355 06733550041763 00417630479957
 0479957

VIDEO 0337103 0564213 0792288 1055086 0406859 0601749 0041763 0479957 03371030564213 05642130792288 07922881055086 10550860406859 04068590601749 06017490041763 00417630479957 0479957 -
 -

VIDEO 0337103 0564213 0792288 1055086 0406859 0601749 0041763 0479957 03371030564213 05642130792288 07922881055086 10550860406859 04068590601749 06017490041763 00417630479957 0479957 0708439 0568179 0444946 0337103 0564213 0792288 1055086 0406859 0601749 0041763 0809620 0642444 0673355 0041763 0479957 1034216 0654883 0479957 1055194 0964616 0695215 0062027 0678562 0792288 1009727 0709748
 07084390568179 05681790444946 04449460337103 03371030564213 05642130792288 07922881055086 10550860406859 04068590601749 06017490041763 00417630809620 08096200642444 06424440673355 06733550041763 00417630479957 04799571034216 10342160654883 06548830479957 04799571055194 10551940964616 09646160695215 06952150062027 00620270678562 06785620792288 07922881009727 10097270709748
 0709748

VIDEO 0337103 0564213 0792288 1055086 0406859 0601749 0041763 0479957 03371030564213 05642130792288 07922881055086 10550860406859 04068590601749 06017490041763 00417630479957 0479957 0000247 0337103 0564213 0792288 1055086 0406859 0601749 0041763 0809620 0642444 0673355 0041763 0479957
 00002470337103 03371030564213 05642130792288 07922881055086 10550860406859 04068590601749 06017490041763 00417630809620 08096200642444 06424440673355 06733550041763 00417630479957
 0479957

GAME 0337103 0564213 0792288 1055086 03371030564213 05642130792288 07922881055086 1055086 -
 -

VIDEO 0337103 0564213 0792288 1055086 03371030564213 05642130792288 07922881055086 1055086 -
 -

VIDEO 0337103 0564213 0792288 1055086 0406859 0601749 0041763 0479957 03371030564213 05642130792288 07922881055086 10550860406859 04068590601749 06017490041763 00417630479957 0479957 -
 -

VIDEO 0337103 0564213 0792288 1055086 0406859 0601749 0041763 0479957 03371030564213 05642130792288 07922881055086 10550860406859 04068590601749 06017490041763 00417630479957 0479957 0000247 0337103 0564213 0792288 1055086 0406859 0601749 0041763 0809620 0642444 0673355 0041763 0479957
 00002470337103 03371030564213 05642130792288 07922881055086 10550860406859 04068590601749 06017490041763 00417630809620 08096200642444 06424440673355 06733550041763 00417630479957
 0479957

TRAVEL 0792288 0509847 0762000 07922880509847 05098470762000 0762000 -
 -

TRAVEL 0792288 0509847 0762000 07922880509847 05098470762000 0762000 1020336 0557561 0911248 0546639 0792288 0509847 0762000 0694263 0588522 0456713 0762000 0350903 0999132 0664000 0694263 0784491 0557561 0318374 1105456 0780918 0458228 0959886 0031957 0054135
 10203360557561 05575610911248 09112480546639 05466390792288 07922880509847 05098470762000 07620000694263 06942630588522 05885220456713 04567130762000 07620000350903 03509030999132 09991320664000 06640000694263 06942630784491 07844910557561 05575610318374 03183741105456 11054560780918 07809180458228 04582280959886 09598860031957 00319570054135
 0054135

TRAVEL 0726054 0509847 0762000 0694263 0588522 0456713 0762000 07260540509847 05098470762000 07620000694263 06942630588522 05885220456713 04567130762000 0762000 -
 -

TRAVEL 0726054 0509847 0762000 0694263 0588522 0456713 0762000 07260540509847 05098470762000 07620000694263 06942630588522 05885220456713 04567130762000 0762000 0858854 0198188 0857574 0005685 0726054 0509847 0762000 0553058 0387202 0260395 0456713 0033554 0115430 0948266 0694263 0588522 0456713 0762000 0664000 0694263 0784491 0772486 0762000 0694263
 08588540198188 01981880857574 08575740005685 00056850726054 07260540509847 05098470762000 07620000553058 05530580387202 03872020260395 02603950456713 04567130033554 00335540115430 01154300948266 09482660694263 06942630588522 05885220456713 04567130762000 07620000664000 06640000694263 06942630784491 07844910772486 07724860762000 07620000694263
 0694263

VIDEO 0544340 0067636 0291357 0926863 0836656 0800750 05443400067636 00676360291357 02913570926863 09268630836656 08366560800750 0800750 -
 -

VIDEO 0544340 0067636 0291357 0926863 0836656 0800750 05443400067636 00676360291357 02913570926863 09268630836656 08366560800750 0800750 -
 -

VIDEO 0544340 0067636 0291357 0926863 0836656 0800750 05443400067636 00676360291357 02913570926863 09268630836656 08366560800750 0800750 -
 -

VIDEO 0544340 0067636 0291357 0926863 0836656 0800750 05443400067636 00676360291357 02913570926863 09268630836656 08366560800750 0800750 -
 -

VIDEO 0544340 0067636 0291357 0926863 0836656 0800750 05443400067636 00676360291357 02913570926863 09268630836656 08366560800750 0800750 -
 -

VIDEO 0544340 0067636 0291357 0926863 0836656 0800750 05443400067636 00676360291357 02913570926863 09268630836656 08366560800750 0800750 -
 -

VIDEO 0544340 0067636 0291357 0926863 0836656 0800750 05443400067636 00676360291357 02913570926863 09268630836656 08366560800750 0800750 -
 -

VIDEO 0544340 0067636 0291357 0926863 0836656 0800750 05443400067636 00676360291357 02913570926863 09268630836656 08366560800750 0800750 0544340 0067636 0291357 0926863 0836656 0800750 0754212 0880931 0444946 0880931 1012920
 05443400067636 00676360291357 02913570926863 09268630836656 08366560800750 08007500754212 07542120880931 08809310444946 04449460880931 08809311012920
 1012920

VIDEO 0544340 0067636 0291357 0926863 0836656 0800750 05443400067636 00676360291357 02913570926863 09268630836656 08366560800750 0800750 -
 -

VIDEO 0905407 1009852 0291357 1031829 0701712 09054071009852 10098520291357 02913571031829 10318290701712 0701712 -
 -

VIDEO 0905407 1009852 0291357 1031829 0701712 09054071009852 10098520291357 02913571031829 10318290701712 0701712 -
 -

VIDEO 0483592 0878719 0920200 0126947 04835920878719 08787190920200 09202000126947 0126947 -
 -

VIDEO 0483592 0878719 0920200 0126947 04835920878719 08787190920200 09202000126947 0126947 -
 -

TRAVEL 0792288 0509847 0762000 0694263 0588522 0456713 0762000 07922880509847 05098470762000 07620000694263 06942630588522 05885220456713 04567130762000 0762000 -
 -

TRAVEL 0792288 0509847 0762000 0694263 0588522 0456713 0762000 07922880509847 05098470762000 07620000694263 06942630588522 05885220456713 04567130762000 0762000 1023598 0918837 0958285
 10235980918837 09188370958285
 0958285

TRAVEL 0792288 0509847 0762000 0694263 0588522 0456713 0762000 07922880509847 05098470762000 07620000694263 06942630588522 05885220456713 04567130762000 0762000 -
 -

TRAVEL 0792288 0509847 0762000 0694263 0588522 0456713 0762000 07922880509847 05098470762000 07620000694263 06942630588522 05885220456713 04567130762000 0762000 0014376 0747808 0664000 0694263 0888307 1055086 0694263 0588522 0456713 0792288 0509847 0762000 0694263 0588522 0456713 0792288 0509847 0762000 0793801 0267839 0323813 0348043
 00143760747808 07478080664000 06640000694263 06942630888307 08883071055086 10550860694263 06942630588522 05885220456713 04567130792288 07922880509847 05098470762000 07620000694263 06942630588522 05885220456713 04567130792288 07922880509847 05098470762000 07620000793801 07938010267839 02678390323813 03238130348043
 0348043

TRAVEL 0792288 0509847 0762000 0694263 0588522 0456713 0762000 07922880509847 05098470762000 07620000694263 06942630588522 05885220456713 04567130762000 0762000 0014376 0747808 0664000 0694263 0888307 1055086 0694263 0588522 0456713 0792288 0509847 0762000 0694263 0588522 0456713 0792288 0509847 0762000 0793801 0267839 0323813 0348043
 00143760747808 07478080664000 06640000694263 06942630888307 08883071055086 10550860694263 06942630588522 05885220456713 04567130792288 07922880509847 05098470762000 07620000694263 06942630588522 05885220456713 04567130792288 07922880509847 05098470762000 07620000793801 07938010267839 02678390323813 03238130348043
 0348043

TRAVEL 0792288 0509847 0762000 0694263 0588522 0456713 0762000 07922880509847 05098470762000 07620000694263 06942630588522 05885220456713 04567130762000 0762000 0792288 0509847 0762000 0456713 0762000 0754212 0792288 0509847 0762000 0260395 0668936 0754212 0792288 0509847 0762000 0694263 0588522 0456713 0762000
 07922880509847 05098470762000 07620000456713 04567130762000 07620000754212 07542120792288 07922880509847 05098470762000 07620000260395 02603950668936 06689360754212 07542120792288 07922880509847 05098470762000 07620000694263 06942630588522 05885220456713 04567130762000
 0762000

TRAVEL 0792288 0509847 0762000 0694263 0588522 0456713 0762000 07922880509847 05098470762000 07620000694263 06942630588522 05885220456713 04567130762000 0762000 0792288 0509847 0762000 0456713 0762000 0754212 0792288 0509847 0762000 0260395 0668936 0754212 0792288 0509847 0762000 0694263 0588522 0456713 0762000
 07922880509847 05098470762000 07620000456713 04567130762000 07620000754212 07542120792288 07922880509847 05098470762000 07620000260395 02603950668936 06689360754212 07542120792288 07922880509847 05098470762000 07620000694263 06942630588522 05885220456713 04567130762000
 0762000

TRAVEL 0792288 0509847 0762000 0694263 0588522 0456713 0762000 07922880509847 05098470762000 07620000694263 06942630588522 05885220456713 04567130762000 0762000 0792288 0509847 0762000 0694263 0588522 0456713 0762000 0664000 0694263 0754212 0694263 0588522 0260395 0456713 0792288 0509847 0762000 0754212 0694263 0588522 0877481 0451188 0792288 0509847 0762000 0557667 0681625 0762000 0959886 0694263 0490159
 07922880509847 05098470762000 07620000694263 06942630588522 05885220456713 04567130762000 07620000664000 06640000694263 06942630754212 07542120694263 06942630588522 05885220260395 02603950456713 04567130792288 07922880509847 05098470762000 07620000754212 07542120694263 06942630588522 05885220877481 08774810451188 04511880792288 07922880509847 05098470762000 07620000557667 05576670681625 06816250762000 07620000959886 09598860694263 06942630490159
 0490159

TRAVEL 0792288 0509847 0762000 07922880509847 05098470762000 0762000 -
 -

TRAVEL 0792288 0509847 0762000 07922880509847 05098470762000 0762000 1020336 0557561 0911248 0546639 0792288 0509847 0762000 0694263 0588522 0456713 0762000 0350903 0999132 0664000 0694263 0784491 0557561 0318374 1105456 0780918 0458228 0959886 0031957 0054135
 10203360557561 05575610911248 09112480546639 05466390792288 07922880509847 05098470762000 07620000694263 06942630588522 05885220456713 04567130762000 07620000350903 03509030999132 09991320664000 06640000694263 06942630784491 07844910557561 05575610318374 03183741105456 11054560780918 07809180458228 04582280959886 09598860031957 00319570054135
 0054135

