CLASS=UNKNOWN	1009727 0836327 0781505 0727209 0440492 1042506 0227211	1009727 0836327 0781505 0727209 0440492 1042506 0227211 0754212 0880931 0444946 0880931 1012920
CLASS=UNKNOWN	1009727 0836327 0781505 0727209 0440492 1042506 0227211	1009727 0836327 0781505 1124322 0880279
CLASS=UNKNOWN	1009727 0836327 0781505 1124322 0880279 0727209 0995962	-
CLASS=UNKNOWN	1009727 0836327 0781505 1124322 0880279 0727209 0995962	1009727 0836327 0781505 1124322 0880279 0395021 0817893 0441968 0395021 0123481 0772486 0118175 1117219 1009727 0836327 0781505 1124322 0880279 0748782 0158475 0784491 0637615 0361819 0610559 0878719 0727209 0995962 0784491 0863141 0077243 0686684 0836327 0694263
CLASS=UNKNOWN	1009727 0836327 0781505 1124322 0880279 0727209 0995962	1009727 0836327 0781505 1124322 0880279 0123481 0772486 0793801 0772486 0283234 1013621 0748782 0158475 0750813 0377701 0748782 0246396 0736121 0252531 0784491 0686684 0836327 0727209 0995962 0784491 0638284 0085242 0727209 0995962 0694263
CLASS=UNKNOWN	1009727 0836327 0781505 0610327 0808160 0867571 0727209 0995962	-
CLASS=UNKNOWN	1009727 0836327 0781505 0610327 0808160 0867571 0727209 0995962	0727209 0995962 1009727 0836327 0781505 0610327 0808160 0867571 0452835 0509848 0019581 0748782 0158475 0736121 0252531 0350684 0463453 0118175 1117219 0478926 0948266 0615063 0888307 1009727 0836327 0781505 0610327 0808160 0867571 0580929
CLASS=UNKNOWN	1009727 0836327 0781505 0436057 1015037 0808160 0867571	-
CLASS=UNKNOWN	1009727 0836327 0781505 0436057 1015037 0808160 0867571	1009727 0836327 0781505 0436057 1015037 0808160 0867571 0123481 0772486 0118175 1117219 0406197 0003137 0934701 0884749 0406197 1009727 0836327 0781505 0436057 1015037 0808160 0867571 0748782 0158475 0350684 0463453 0784491 0667003 1065334 0488999 0580929
CLASS=UNKNOWN	1009727 0836327 0781505 0436057 1015037 0808160 0867571	1009727 0836327 0781505 0436057 1015037 0808160 0867571 0366268 0863141 0077243 0031957 0158475 0694263 0754212 0727209 0995962 0736121 0252531 0881057 0226989 1076825 0727209 0995962 0881057 0771245 0412439 0727209 0995962 0881057 0860630 1123536 0580929
CLASS=UNKNOWN	1009727 0836327 0781505 0436057 1015037 0808160 0867571	1009727 0836327 0781505 0436057 1015037 0808160 0867571 0123481 0772486 0118175 1117219 0478926 0948266 0629958 0748782 0246396 0452835 0509848 0736121 0252531 0406197 0748782 0158475 0350684 0463453 0638284 1050903 1098550 0190918
CLASS=UNKNOWN	1009727 0836327 0781505 0436057 1015037 0808160 0867571	1009727 0836327 0781505 0436057 1015037 0808160 0867571 1004338 0679140 0784491 0612638 0918837 0395021 0860630 1123536 0784491 0408703 1123536 0727209 0995962 0784491 1113860 0754615 0956229 0519084

CLASS=VIDEO	0009291 0896559 0871851 1055193	-
CLASS=VIDEO	0009291 0896559 0871851 1055193	0788012 0246396
CLASS=VIDEO	0009291 0896559 0871851 1055193	0017401 0246396
CLASS=VIDEO	0009291 0896559 0871851 1055193	-
CLASS=VIDEO	0009291 0896559 0871851 1055193	0728017 0246396
CLASS=UNKNOWN	0009291 0896559 0871851 1055193 1046420	-
CLASS=UNKNOWN	0009291 0896559 0871851 1055193 1046420	0029037 0949453 0878719 0649446 1064033 0029037 0557667 0790462 0738061 0781505 0009291 0896559 0871851 1055193 1034216 0035110 1055194 0490159 0009291 0896559 0871851 1055193 0301079 0246396 0300345 0748782 0246396 0888307 1055086 0580929
CLASS=UNKNOWN	0009291 0896559 0871851 1055193 1046420	-
CLASS=UNKNOWN	0009291 0896559 0871851 1055193 1046420	0355664 0099240
CLASS=UNKNOWN	0009291 0896559 0871851 1055193 1046420	-
CLASS=UNKNOWN	0009291 0896559 0871851 1055193 1046420 1129496 0212657 0033554 0292003 0588522 0033335	-
CLASS=UNKNOWN	0009291 0896559 0871851 1055193 1046420 1129496 0212657 0033554 0292003 0588522 0033335	0009291 0896559 0871851 1055193 1046420 1129496 0212657 0033554 0292003 0588522 0033335 0406197 0818951 0346881 0977270 0526253 0346881 0529529 0880931 0444946 0536012 0911248
CLASS=UNKNOWN	0009291 0896559 0871851 1055193 1046420 1129496 0212657 0033554 0292003 0588522 0033335	-
CLASS=UNKNOWN	0009291 0896559 0871851 1055193 1046420 1129496 0212657 0033554 0292003 0588522 0033335	0115559 0336269
CLASS=UNKNOWN	0009291 0896559 0871851 1055193 1046420 1129496 0212657 0033554 0292003 0588522 0033335	0115559 0336269
CLASS=UNKNOWN	0009291 0896559 0871851 1055193 1046420 1129496 0212657 0033554 0292003 0588522 0033335	0009291 0896559 0871851 1055193 1034216 0035110 0546639 1129496 0212657 0033554 0292003 0946324 0793729 0977270 0322801 0060852 0608067 0348043
CLASS=UNKNOWN	0009291 0896559 0871851 1055193 1046420 1129496 0212657 0033554 0292003 0588522 0033335	0982816 0009291 0896559 0871851 1055193 0335623 0123481 0772486 0260395 0561134 0560213 0551108 0360885 0588522 0033335 0784491 0775648 0256265 0271248 0733318 0381742 0576480
CLASS=UNKNOWN	0009291 0896559 0871851 1055193 0679140 1069376 1129496 0212657 0185093 0289703	-
CLASS=UNKNOWN	0009291 0896559 0871851 1055193 0679140 1069376 1129496 0212657 0185093 0289703	0009291 0896559 0871851 1055193 0679140 1069376 0706287 1129496 0212657 0185093 0289703 0754212 0880931 0444946 0536012 0911248

CLASS=OTHER	0527064 0024854 0694263	-
CLASS=OTHER	0527064 0024854 0694263	0167070 0348611 0406197 0078253 0249224 0576126 0246396 0836327 0068757 0031957 0291357 0399721 0977270 0406197 0347013 0790462 0610559 0138873 0588522 0291357 1050307 0589288 0999132 1040693 0690587 0729004
CLASS=OTHER	0527064 0024854 0694263	-

CLASS=VIDEO	0403003 0690587 0639347 0259826	-
CLASS=VIDEO	0403003 0690587 0639347 0259826	0331796 0422451
CLASS=VIDEO	0403003 0690587 0639347 0259826	0331796 0123481 0772486 1083795
CLASS=VIDEO	0403003 0690587 0639347 0259826	0331796 0123481 0772486 1083795

CLASS=VIDEO	0727209 0727209 0712981 0064556 0762966	-
CLASS=VIDEO	0727209 0727209 0712981 0064556 0762966	0727209 0727209 0712981 0064556 0762966 0754212 0748782 0246396 0706184 1111901 0673355 1112955 0888307 1055086 0142544 0546302 0754212 0880931 0444946 0673355 1112955

CLASS=VIDEO	0809872 0792288 1054331 0054135 1046420	-
CLASS=VIDEO	0809872 0792288 1054331 0054135 1046420	-

CLASS=GAME	0732874 0727209 0162820 0042895	-
CLASS=GAME	0732874 0727209 0162820 0042895	0727209 0162820 0042895 0464365 0727209 0162820 0042895 0855657 0748782 0406197 0011134 0329263 0727209 0162820 0042895 0464365 0727209 0162820 0042895 0546194 0464472 0872080 0580929
CLASS=GAME	0732874 0727209 0162820 0042895	-
CLASS=GAME	0732874 0727209 0162820 0042895	-
CLASS=GAME	0732874 0727209 0162820 0042895	-
CLASS=GAME	0732874 0727209 0162820 0042895	0727209 0162820 0042895 0464365 0727209 0162820 0042895 0855657 0748782 0406197 0011134 0329263 0727209 0162820 0042895 0464365 0727209 0162820 0042895 0546194 0464472 0872080 0580929

CLASS=OTHER	0392124 1080915	-
CLASS=OTHER	0392124 1080915	0557667 0438139 0490159 0392124 1080915 0754212 0886711 0634193 0954559 0754212 0392124 1080915 0873441 0130933 0754212 0392124 1080915 0438139 0775648 0754212 0726054 0509847 0781505 0878719

CLASS=VIDEO	0690587 0291357 0698342 0934701	-

CLASS=UNKNOWN	0699617	-
CLASS=OTHER	0699617 0006789	-
CLASS=OTHER	0699617 0006789	0699617 0699617 0006789 0406197 0699617 0999132 0699617 0406197 0072086 0072086 0699617 0449931 0427030 0406197 0699617 0699617 0018546 0406197 0854024 0170218 1000519 1078554

CLASS=VIDEO	0685032 0918499 0704876 0718963	-
CLASS=VIDEO	0685032 0918499 0704876 0718963	0685032 0918499 0704876 0718963 0754212 0880931 0444946 0880931 1012920

CLASS=TRAVEL	0555972 0547702 0456713 0762000 0664000 0694263	-
CLASS=TRAVEL	0555972 0547702 0456713 0762000 0664000 0694263	0021215 0944743 1023598 0547702 0694263 0784491 0021215 0944743 1023598 0547702 0694263 0588522 0456713 0762000 0406197 0021215 0944743 0555972 0547702 0123481 0772486 0033554 0115430 0948266 0406197 1055086 0318374 0438139 0406197 0456713 0762000 0580929
CLASS=UNKNOWN	1020336 0694263 0588522 0456713 0792288 0509847 0762000 0664000 0694263	-
CLASS=UNKNOWN	1020336 0694263 0588522 0456713 0792288 0509847 0762000 0664000 0694263	1020336 0557561 0911248 0546639 0792288 0509847 0762000 0694263 0588522 0456713 0762000 0350903 0999132 0664000 0694263 0784491 0557561 0318374 1105456 0780918 0458228 0959886 0031957 0054135

CLASS=UNKNOWN	0223927 0836656 0424184 0344093 0553058 0387202	-
CLASS=UNKNOWN	0223927 0836656 0424184 0344093 0553058 0387202	0223927 0507734 0581561 0563415
CLASS=VIDEO	0157313 0789553	-

CLASS=VIDEO	0009291 0896559 0871851 1055193	-
CLASS=VIDEO	0009291 0896559 0871851 1055193	0009291 0896559 0871851 1055193 0754212 0706184 1111901 0673355 1112955 0888307 1055086 0142544 0546302 0754212 0733318 0381742 0576480
CLASS=VIDEO	0009291 0896559 0871851 1055193	0459709 0246396

CLASS=UNKNOWN	0761720	-
CLASS=UNKNOWN	0761720 0463453 0593913	-
CLASS=UNKNOWN	0761720 0463453 0593913	0761720 0335034 0212657 0463453 0754212 0880931 0444946 0536012 0911248
CLASS=UNKNOWN	0761720 0463453 0593913	-
CLASS=UNKNOWN	0660237	-
CLASS=UNKNOWN	0944804	-
CLASS=VIDEO	0474995	-
CLASS=UNKNOWN	0570849	-
CLASS=UNKNOWN	0570849 1064033 0593913	-
CLASS=UNKNOWN	0570849 1064033 0593913	1069885 0291357 0463453 0593913
CLASS=UNKNOWN	1079527	-
CLASS=UNKNOWN	1079527	1045847 0588086 0098826
CLASS=UNKNOWN	1045847 0588086 0098826	-
CLASS=UNKNOWN	1045847 0588086 0098826	1045847 0588086 0098826 0754212 0880931 0444946 0438139 0775648
CLASS=UNKNOWN	0316264	-
CLASS=UNKNOWN	0395570	-

CLASS=UNKNOWN	0313799 0434312	-
CLASS=UNKNOWN	0313799 0434312	0313799 0434312 0006789 0880931 0444946 0061182 0006789
CLASS=UNKNOWN	0313799 0434312	0313799 0434312 0754212 0880931 0444946 0438139 0775648
CLASS=UNKNOWN	0561343 0930838 1103910 0840620	-
CLASS=UNKNOWN	0561343 0930838 1103910 0840620	-
CLASS=UNKNOWN	0561343 0930838 1103910 0840620 0344487	-
CLASS=UNKNOWN	0561343 0930838 1103910 0840620 0344487	0557667 0926863 0390679 0490159 0263457 0986906 0257956 0743351 0377891 0781505 0583720 0960784 0754262 0257956 0475290 1038198 0259503 0191882 0840620 0680681 0170104 0545849 0158475 0696148 0561343 0930838 1103910 0840620 0006789 0190918
CLASS=UNKNOWN	0561343 0930838 1103910 0840620 0344487	0561343 0930838 1103910 0840620 0344487 0727209 0162820 0042895 0559777 0727209 0162820 0042895 0855657 0748782
CLASS=UNKNOWN	0561343 0930838 1103910 0840620 0344487	0557667 0530046 1044672 0946324 0409707 0490159 0686684 0612641 1044672 0784491 0557667 0561343 0930838 1103910 0840620 0490159 0583720 0736121 0252531 0208773 0425984 1044672 0612640 0381876 0046666 1071079 0162607 0329263 1004446 0022425 0580929
CLASS=UNKNOWN	0561343 0930838 1103910 0840620 0344487	0557667 0926863 0390679 0490159 1123536 1032294 0165067 0172536 0840620 0395021 0608511 1078130 0406197 0263574 0170104 0910474 0057045 0668936 0406197 0057045 0303705 0193317 0153430 0696148 0561343 0930838 1103910 0840620 0006789 0190918
CLASS=UNKNOWN	0561343 0930838 1103910 0840620 0344487	0474532 1034530 0910323 0170218 0246396 0259503 0031957 0158475 0406197 0043020 0540595 0406197 0748782 0631387 0406197 0196279 1080915 0291357 0300345 0784491 0477780 1050059 1118918 0985248 0257956 0491333
CLASS=UNKNOWN	0561343 0930838 1103910 0840620 0344487	-
CLASS=UNKNOWN	0561343 0930838 1103910 0840620 0344487	-
CLASS=UNKNOWN	0313799 0434312 0344487	-
CLASS=UNKNOWN	0313799 0434312 0344487	0557667 0313799 0434312 0344487 0490159 1120227 0061182 0438139 0417017 0313799 0434312 0857574 0855657 0346881 0376088 1001937 0329263 0384980 1080915 1034530 0612641 1044672 0313799 0434312 0344487 0784491 0149620 0612641 1044672 0580929
CLASS=UNKNOWN	0313799 0434312 0344487	0610683 0612641 1044672 0565150 1118814 0474532 0729004 0077806 0425984 0974387 0918499 0344487 0313799 0434312 0344487 0455351 0469132 0344487 0754262 0999132 0344487 1103910 0840620 0344487 0434312 0929370 0815830 0880931 0444946 0536012 0911248
CLASS=UNKNOWN	0313799 0434312 0344487	0557667 0313799 0434312 0344487 0490159 1120227 0061182 0438139 0417017 0612641 1044672 0743351 0377891 0438139 0886768 0612641 1044672 0313799 0434312 0344487 0784491 0149620 0612641 1044672 0612641 1044672 0344487 0757903
CLASS=OTHER	0838222 0399721	-
CLASS=UNKNOWN	0838222 0399721 0344487	-
CLASS=UNKNOWN	0838222 0399721 0344487	-

CLASS=VIDEO	0955698 0925859 0925859	-
CLASS=UNKNOWN	0955698 0784246 0508312	-

CLASS=VIDEO	0594154 0904305	-
CLASS=VIDEO	0594154 0904305	-

CLASS=TRAVEL	0855657 1090580 0539793 0950821 0097217 0792288 0509847 0033554 0115430 0948266	-
CLASS=TRAVEL	0855657 1090580 0539793 0950821 0097217 0792288 0509847 0033554 0115430 0948266	0855657 1090580 0539793 0950821 0097217 0478926 0509847 0588214 1018499 0647255 0650465 0478926 0509847 0033554 0115430 0117972 0762000 0130933 0553058 0387202
CLASS=TRAVEL	0855657 1090580 0539793 0950821 0097217 0792288 0509847 0033554 0115430 0948266	-
CLASS=TRAVEL	0855657 1090580 0539793 0950821 0097217 0792288 0509847 0033554 0115430 0948266	0855657 1090580 0539793 0950821 0097217 0478926 0509847 0588214 1018499 0647255 0650465 0478926 0509847 0033554 0115430 0117972 0762000 0130933 0553058 0387202

CLASS=NOVEL | CLASS=VIDEO	0771245 0678562 0911248 0748782 0246396	-
CLASS=NOVEL | CLASS=VIDEO	0771245 0678562 0911248 0748782 0246396	0771245 0678562 0911248 0754212 0706184 1111901 0673355 1112955 0888307 1055086 0142544 0546302 0754212 0880931 0444946 0673355 1112955

CLASS=TRAVEL	0792288 0509847 0478926 0509847 0033554 0115430 0948266	-
CLASS=TRAVEL	0792288 0509847 0478926 0509847 0033554 0115430 0948266	-
CLASS=TRAVEL	0792288 0509847 0478926 0509847 0033554 0115430 0948266	1023598 0918837 0958285
CLASS=TRAVEL	0792288 0509847 0478926 0509847 0033554 0115430 0948266	0553058 0387202
CLASS=TRAVEL	0792288 0509847 0478926 0509847 0033554 0115430 0948266	0442930 0754615 0491936
CLASS=TRAVEL	0792288 0509847 0478926 0509847 0033554 0115430 0948266	0553058 0387202
CLASS=TRAVEL	0792288 0509847 0478926 0509847 0033554 0115430 0948266	-
CLASS=TRAVEL	0792288 0509847 0478926 0509847 0033554 0115430 0948266	-
CLASS=TRAVEL	0792288 0509847 0478926 0509847 0033554 0115430 0948266	1023598 0918837 0958285
CLASS=TRAVEL	0792288 0509847 0478926 0509847 0033554 0115430 0948266	0553058 0387202

CLASS=UNKNOWN	1074022 0920200 0654765	-
CLASS=UNKNOWN	1074022 0920200 0654765	1074022 0920200 0654765 0918837 1071079 0438139 0754212 0880931 0444946 1071079 0438139
CLASS=UNKNOWN	1074022 0920200 0654765	0708439 1074022 0920200 0654765 0715282 0162820 1054331 0223805 0754212 1074022 0920200 0654765 0800750 0077243 1055086 0318374 0162820 1124788 0754212 0880931 0444946 0715282 0162820
CLASS=UNKNOWN	1074022 0920200 0654765	1074022 0920200 0654765 0715282 0162820 1055086 0318374 0754212 1074022 0920200 0654765 0715282 0162820 0800750 0077243 0754212 0437671 0584421 0374599 1108513 0694263 0444946 0417386 1112955 0911248 0996068 0659825
CLASS=TRAVEL	0950821 0097217 0539793 1074022 0920200 0654765	-
CLASS=TRAVEL	0950821 0097217 0539793 1074022 0920200 0654765	0984538
CLASS=UNKNOWN	1074022 0920200 0654765 0030700 0130933	-
CLASS=UNKNOWN	1074022 0920200 0654765 0030700 0130933	1074022 0920200 0654765 0030700 0130933 0291357 0123481 0772486 0721854 0753230 0814520 0656218
CLASS=UNKNOWN	0748782 0718962 0030700 0130933 0603426 1123536	-
CLASS=UNKNOWN	0748782 0718962 0030700 0130933 0603426 1123536	0708439 0568179 0031957 0718962 0030700 0130933 0698110 0973088 0260395 0464741 0030700 0130933 0584421 0374599 1108513 0228395 1009727 0860413 0035110 0283234 0030700 0898231 0030700 0694263
CLASS=UNKNOWN	0748782 0718962 0030700 0130933 0603426 1123536	-
CLASS=UNKNOWN	0748782 0718962 0030700 0130933	-
CLASS=UNKNOWN	0748782 0718962 0030700 0130933	0808614 0976685 0142544 0433308 0512458 0558972 0888307 1042610 0033764 0030700 0130933 0736121 0253089 0955280
CLASS=UNKNOWN	0748782 0718962 0030700 0130933	-
CLASS=UNKNOWN	0031957 0718962 0030700 0130933 0558972 0888307 0350341 0530731	-
CLASS=UNKNOWN	0031957 0718962 0030700 0130933 0558972 0888307 0350341 0530731	0031957 0718962 0291357 0030700 0130933 0558972 0888307 0350341 0530731 0957763 0880931 0444946 0536012 0911248
CLASS=UNKNOWN	0031957 0718962 0030700 0130933 0558972 0888307 0350341 0530731	0706287 0558972 0888307 0204955 0668936 1005212 0647253 0350341 0031957 0718962 0291357 0030700 0130933 0754212 0101749 0598976 0215453 0754212 0772486 0003252 0275878 1105456
CLASS=UNKNOWN	0031957 0718962 0030700 0130933 0558972 0888307 0350341 0530731	0030700 0130933 0215567 0736665 0215567 1017434 0378561 0501843 0541495 1120031 0527064 0283234 0558972 0888307 0647253 0350341 1040473 1082296 0030700 0130933 0228395 0772486 1061372 0031957 0054135 0784491 0898231 1123535 0586451 0077243 0694263
CLASS=UNKNOWN	0031957 0718962 0030700 0130933 0558972 0888307 0350341 0530731	-

CLASS=OTHER	0360741	-
CLASS=OTHER	0360741	0360741 0098613 0673355 0694263

CLASS=TRAVEL	1134370 0401401 0694263	-
CLASS=TRAVEL	1134370 0401401 0694263	1134370 0401401 0694263 0512458 0255587 0130933 0085828 0762000 0406197 0128578 0432118 0260395 0456713 0406197 0715282 0162820 0444946 0417386 0790345 0601749 0715282 0162820 0297512 0372690

CLASS=UNKNOWN	0479741 0610559 0624210 0951375 0439933 0686684 0793584 1041512	-
CLASS=UNKNOWN	0479741 0610559 0624210 0951375 0439933 0686684 0793584 1041512	0479741 0610559 0624210 0951375 0781505 0439933 0686684 0793584 1041512 0350684 0463453 0359973 0710541 0406197 0104962 0322801 0624792 0291357 1067834 0406197 0226989 1076825 0406197 0479741 0610559 0624210 0951375 0781505 0439933 0686684 0793584 1041512 0580929
CLASS=UNKNOWN	0479741 0610559 0624210 0951375 0439933 0686684 0793584 1041512	
CLASS=UNKNOWN	0479741 0610559 0624210 0614607 0727209 0995962	-
CLASS=UNKNOWN	0479741 0610559 0624210 0614607 0727209 0995962	0479741 0610559 0624210 0614607 0754212 0880931 0444946 0880931 1012920
CLASS=UNKNOWN	0479741 0610559 0624210 0614607 0727209 0995962	0479741 0610559 0624210 0614607 0406197 0479741 0610559 0624210 0614607 0748782 0158475 0350684 0463453 0406197 0479741 0610559 0624210 0614607 0123481 0772486 0118175 1117219 0406197 0937268 0204855 0832933 0427030 0148991 0231601 0649446 1064033
CLASS=NOVEL	1062359 0609283 0040630 0521889 0591028	-
CLASS=NOVEL	1062359 0609283 0040630 0521889 0591028	1041512 0736121 0638284 0011134 0512458 1062359 0609283 0040630 0521889 0591028 0123481 0772486 0118175 1117219 0754212 1041512 0736121 0638284 0011134 0512458 1062359 0609283 0040630 0521889 0591028 0748782 0158475 0350684 0463453 0754212 1041512 0736121 0580929
CLASS=NOVEL	1062359 0609283 0040630 0521889 0591028	
CLASS=UNKNOWN	1062359 0609283 0059924 0147382 0633719 0727209 0995962	-
CLASS=UNKNOWN	1062359 0609283 0059924 0147382 0633719 0727209 0995962	1062359 0609283 0059924 0147382 0633719 0748782 0158475 0350684 0463453 0784491 0818951 0727209 0995962 0694263
CLASS=UNKNOWN	1062359 0609283 0059924 0147382 0633719 0727209 0995962	0557667 1062359 0609283 0059924 0147382 0633719 0123481 0772486 0118175 1117219 0490159 0452835 0509848 0350684 0463453 0754212 1062359 0609283 0059924 0147382 0633719 0377701 0736121 0252531 0245720 0727209 0995962 0694263
CLASS=UNKNOWN	1062359 0609283 0059924 0147382 0633719 0727209 0995962	0295063 0291357 1062359 0609283 0059924 0147382 0633719 0784491 0860630 1123536 0727209 0995962 0784491 0819974 0083105 0707313 0079324
CLASS=UNKNOWN	1062359 0609283 0059924 0147382 0633719 0727209 0995962	1062359 0609283 0059924 0147382 0633719 0377701 0736121 0252531 0224527 0748782 0246396 0736121 0252531 0784491 0733318 0642444 0934701 0832933 0006789
CLASS=UNKNOWN	1062359 0609283 0059924 0147382 0633719 0727209 0995962	1062359 0609283 0059924 0147382 0633719 0784491 0818951 0727209 0995962 0694263
CLASS=UNKNOWN	1062359 0609283 0059924 0147382 0633719 0727209 0995962	-
CLASS=UNKNOWN	0040630 0501843 0590916 0633719 1054206 0727209 0995962	-
CLASS=UNKNOWN	0040630 0501843 0590916 0633719 1054206 0727209 0995962	0040630 0501843 0590916 0633719 1054206 0638284 1050903 1098550 0754212 0040630 0501843 0590916 0633719 1054206 0748782 0158475 0350684 0463453 0754212 0040630 0501843 0590916 0633719 1054206 0019581 0748782 0246396 0736121 0252531 0259503 0123481 0580929
CLASS=UNKNOWN	0040630 0501843 0590916 0633719 1054206 0727209 0995962	0040630 0501843 0590916 0633719 1054206 0123481 0772486 0118175 1117219 0478926 0948266 0406197 0040630 0501843 0590916 0633719 1054206 0452835 0509848 0736121 0252531 0406197 0040630 0501843 0590916 0633719 1054206 0748782 0930838 0350684 0463453 0757903
CLASS=UNKNOWN	0040630 0501843 0590916 0633719 1054206 0727209 0995962	0040630 0501843 0590916 0633719 1054206 0123481 0772486 0118175 1117219 0406197 0040630 0501843 0590916 0633719 1054206 0748782 0158475 0350684 0463453 0187326 0727209 0995962 0694263
CLASS=UNKNOWN	0040630 0501843 0590916 0633719 1054206 0727209 0995962	0040630 0501843 0590916 0633719 1054206 0123481 0772486 0118175 1117219 0784491 0040630 0501843 0590916 0633719 1054206 0727209 0995962 0748782 0158475 0350684 0463453 0224527 0736121 0252531 0546194 0832933 0694263

CLASS=GAME	0678562 0785637	-
CLASS=GAME	0678562 0785637	0308130 0289950 0678562 0785637 0694263 0017739 1126966 0573173 0355664 1018962 0878719 0372805 0289705 0412896 0996068 0659825 1080915 0573173 0348043
CLASS=GAME	0678562 0785637	0308130 0289950 0678562 0785637 0694263 0017739 1126966 0573173 0355664 1018962 0878719 0372805 0289705 0412896 0996068 0659825 1080915 0573173 0348043
CLASS=UNKNOWN	0678562 0785637 0694263 0008813 0080861 1042932 0910802	-
CLASS=UNKNOWN	0678562 0785637 0694263 0008813 0080861 1042932 0910802	0560222 0678562 0785637 0694263 0008813 0080861 1042932 0910802 0754212 0678562 0785637 0694263 0008813 0080861 1042932 0910802 0531084 0462153
CLASS=UNKNOWN	0678562 0785637 0694263 0008813 0080861 1042932 0910802	0560222 0678562 0785637 0694263 0008813 0080861 1042932 0910802 0295063 0291357 0977270 1079654 0809167 0281590 0228001 1069376 0395187 0678562 0785637 0694263 0008813 0080861 1042932 0910802 0295063 0291357 0977270 0580929
CLASS=UNKNOWN	0678562 0785637 0694263 0008813 0080861 1042932 0910802	0754262 0432118 0790345 0828628 0784491 0678562 0785637 0694263 0845368 0080861 1042932 0910802 0409617 0269091 0910802
CLASS=UNKNOWN	0678562 0785637 0694263 0008813 0080861 1042932 0910802	0080861 1042932 0178086 0910802 0008813 0678562 0785637 0793584 0222680 0678562 0785637 0694263 0406197 0080861 1042932 0178086 0910802 0008813 0678562 0785637 0793584 0222680 0678562 0785637 0694263 0531267
CLASS=UNKNOWN	0678562 0785637 0694263 0008813 0080861 1042932 0910802	0557667 0785637 0910802 0281590 0678562 0785637 0694263 0008813 0080861 1042932 0910802 0490159 0553678 0678562 0785637 0694263 0008813 0080861 1042932 0910802 1020419 0736121 0252531 0754212 1042932 0910802 0281590 0678562 0785637 0694263 0580929
CLASS=UNKNOWN	0678562 0785637 0694263 0008813 0080861 1042932 0910802	0560222 0678562 0785637 0694263 0008813 0080861 1042932 0910802 0339876 0346881 0335034 0212657 0013204 0360134 0269091 0910802 0560222 0678562 0785637 0694263 0008813 0080861 1042932 0910802 0339876 0346881 0580929
CLASS=UNKNOWN	0678562 0785637 0694263 0008813 0080861 1042932 0910802	-
CLASS=UNKNOWN	0678562 0785637 0694263 0008813 0080861 1042932 0910802	0281590 0678562 0785637 0694263 0008813 0080861 1042932 0910802 0754212 1042932 0910802 0281590 0678562 0785637 0694263 0008813 0080861 1042932 0910802 0785637 0910802 0754212 1042932 0910802 0281590 0678562 0785637 0694263 0008813 0080861 0580929
CLASS=UNKNOWN	0678562 0785637 0694263 0008813 0080861 1042932 0910802	0281590 0678562 0785637 0694263 0008813 0080861 1042932 0910802 0754212 1042932 0910802 0281590 0678562 0785637 0694263 0008813 0080861 1042932 0910802 0785637 0910802 0754212 1042932 0910802 0281590 0678562 0785637 0694263 0008813 0080861 0580929
CLASS=UNKNOWN	0678562 0785637 0694263 0008813 0080861 1042932 0910802	-
CLASS=UNKNOWN	0678562 0785637 0694263 0008813 0080861 1042932 0910802	0584421 0449930 0678562 0785637 0694263 0202173 1041512 0176442 0754212 0339875 0381742 0678562 0785637 0784491 0308130 0289950 0678562 0785637 0694263 0754212 0678562 0785637 0694263 0008813 0080861 1042932 0910802
CLASS=UNKNOWN	0678562 0785637 0694263 0008813 0080861 1042932 0910802	0708439 0123481 0772486 0694263 0162820 0678562 0785637 0754212 0678562 0785637 0694263 0845368 0080861 1042932 0910802 0754212 0678562 0785637 0694263 0855657 0748782 0557667 0308130 0289950 0678562 0785637 0694263 0490159
CLASS=UNKNOWN	0678562 0785637 0694263 0008813 0080861 1042932 0910802	0678562 0785637 0694263 0008813 0080861 1042932 0910802 0567094 0678562 0785637 0694263 0008813 0080861 1042932 0910802 0708439 0452835 0509848 0664000 0267839 1055304 0736121 0252531 0962353
CLASS=UNKNOWN	0678562 0785637 0694263 0008813 0080861 1042932 0910802	0123481 0976685 0148058 0074700 0678562 0785637 0694263 0074700 0080861 1042932 0910802 0074700 0387793 0477545 0008813 1020419 0736121 0252531 0989834 0624792 0433540 0074700 0694263
CLASS=UNKNOWN	0678562 0785637 0694263 0008813 0080861 1042932 0910802	0553058 0546302 0793801 0376950 0753230 0355664 0214743 0678562 0785637 0694263 0008813 0080861 1042932 0910802 0736121 0252531 0172646 0291357 1059187 0108865 0763666
CLASS=UNKNOWN	0678562 0785637 0694263 0008813 0080861 1042932 0910802	0560222 0678562 0785637 0694263 0008813 0080861 1042932 0910802 0754212 0678562 0785637 0694263 0008813 0080861 1042932 0910802 0531084 0462153
CLASS=UNKNOWN	0678562 0785637 0694263 0008813 0080861 1042932 0910802	1119907 0678562 0785637 0694263
CLASS=UNKNOWN	0678562 0785637 0694263 0008813 0080861 1042932 0910802	0754262 0432118 0790345 0828628 0784491 0678562 0785637 0694263 0845368 0080861 1042932 0910802 0409617 0269091 0910802
CLASS=UNKNOWN	0678562 0785637 0694263 0008813 0080861 1042932 0910802	0008813 1042932 1042932 0694263
CLASS=UNKNOWN	0678562 0785637 0694263 0008813 0080861 1042932 0910802	0187547 0754262 0008813
CLASS=UNKNOWN	0678562 0785637 0694263 0008813 0080861 1042932 0910802	0557667 0785637 0910802 0281590 0678562 0785637 0694263 0008813 0080861 1042932 0910802 0490159 0553678 0678562 0785637 0694263 0008813 0080861 1042932 0910802 1020419 0736121 0252531 0754212 1042932 0910802 0281590 0678562 0785637 0694263 0580929
CLASS=UNKNOWN	0678562 0785637 0694263 0008813 0080861 1042932 0910802	0560222 0678562 0785637 0694263 0008813 0080861 1042932 0910802 0339876 0346881 0335034 0212657 0013204 0360134 0269091 0910802 0560222 0678562 0785637 0694263 0008813 0080861 1042932 0910802 0339876 0346881 0580929
CLASS=UNKNOWN	0678562 0785637 0694263 0008813 0080861 1042932 0910802	0269091 0910802 0694263
CLASS=UNKNOWN	0678562 0785637 0694263 0008813 0080861 1042932 0910802	0560222 0678562 0785637 0694263 0008813 0080861 1042932 0910802 0754212 0678562 0785637 0694263 0008813 0080861 1042932 0910802 0531084 0462153
CLASS=UNKNOWN	0678562 0785637 0694263 0008813 0080861 1042932 0910802	0708439 0123481 0772486 0694263 0162820 0678562 0785637 0754212 0678562 0785637 0694263 0845368 0080861 1042932 0910802 0754212 0678562 0785637 0694263 0855657 0748782 0557667 0308130 0289950 0678562 0785637 0694263 0490159
CLASS=UNKNOWN	0678562 0785637 0694263 0008813 0080861 1042932 0910802	0560222 0678562 0785637 0694263 0008813 0080861 1042932 0910802 0339876 0346881 0335034 0212657 0013204 0360134 0269091 0910802 0560222 0678562 0785637 0694263 0008813 0080861 1042932 0910802 0339876 0346881 0580929
CLASS=UNKNOWN	0678562 0785637 0694263 0008813 0080861 1042932 0910802	0560222 0678562 0785637 0694263 0008813 0080861 1042932 0910802 0295063 0291357 0977270 1079654 0809167 0281590 0228001 1069376 0395187 0678562 0785637 0694263 0008813 0080861 1042932 0910802 0295063 0291357 0977270 0580929
CLASS=UNKNOWN	0678562 0785637 0694263 0008813 0080861 1042932 0910802	0584421 0449930 0678562 0785637 0694263 0202173 1041512 0176442 0754212 0339875 0381742 0678562 0785637 0784491 0308130 0289950 0678562 0785637 0694263 0754212 0678562 0785637 0694263 0008813 0080861 1042932 0910802
CLASS=UNKNOWN	0678562 0785637 0694263 0008813 0080861 1042932 0910802	0080861 1042932 0178086 0910802 0008813 0678562 0785637 0793584 0222680 0678562 0785637 0694263 0406197 0080861 1042932 0178086 0910802 0008813 0678562 0785637 0793584 0222680 0678562 0785637 0694263 0531267
CLASS=UNKNOWN	0678562 0785637 0694263 0008813 0080861 1042932 0910802 0736121 0252531	-
CLASS=UNKNOWN	1119907 0678562 0785637 0694263	-
CLASS=UNKNOWN	1119907 0678562 0785637 0694263	1119907 0678562 0785637 0694263 1035664 0678562 0785637 0694263 0736121 0252531 0360134 0269091 0910802 0694263
CLASS=UNKNOWN	0008813 1042932 1042932 0694263	-
CLASS=UNKNOWN	0008813 1042932 1042932 0694263	0845368 1042932 1042932 0694263 0255907 1034216 0999132 0926863 0390679 0269091 0910802 0008813 0694263 0129267 0008813 0269091 0910802 0080861 0178086 0899669

CLASS=UNKNOWN	0772486 1018473 0289950 0363098 0339875 0995962	-
CLASS=UNKNOWN	0772486 1018473 0289950 0363098 0339875 0995962	0772486 1018473 0289950 0363098 0339875 0995962 0754212 0880931 0444946 0880931 1012920
CLASS=UNKNOWN	0772486 1018473 0289950 0363098 0339875 0995962	-
CLASS=VIDEO	0772486 1018473 0289950 0363098 0339875 0995962 1034216 0035110 1055194	-

CLASS=OTHER	0705117 0497892 0491936 0162820 1047250	-
CLASS=OTHER	0705117 0497892 0491936 0162820 1047250	-
CLASS=OTHER	0705117 0497892 0491936 0162820 1047250	0705117 0497892 0491936 0162820 0944220 0880931 0444946 0880931 1012920
CLASS=OTHER	0705117 0497892 0491936 0162820 1047250	-
CLASS=OTHER	0705117 0497892 0491936 0162820 1047250	-
CLASS=UNKNOWN	0705117 0497892 0491936 0162820 1047250 0855657 0500051 1041512 0148283 0439733	-
CLASS=UNKNOWN	0705117 0497892 0491936 0162820 1047250 0855657 0500051 1041512 0148283 0439733	-

CLASS=NOVEL | CLASS=VIDEO	0085242 0472881 0921116 0174335	-
CLASS=NOVEL | CLASS=VIDEO	0085242 0472881 0921116 0174335	0085242 0472881 0921116 0174335 0754212 0880931 0444946 0880931 1012920

CLASS=OTHER	0266172 0392342 0711085 0002023	-
CLASS=UNKNOWN	0266172 0392342 0711085 0002023 0792288 0509847 0129267 0899669 0699511	-
CLASS=UNKNOWN	0266172 0392342 0711085 0002023 0792288 0509847 0129267 0899669 0699511	0266172 0392342 0711085 0002023 0792288 0509847 0161381 0129267 1064033 0836327 0899669 0699511 0754212 0898231 1123535 0772486 1061372
CLASS=UNKNOWN	0266172 0392342 0711085 0002023 0792288 0509847 0129267 0899669 0699511	0266172 0392342 0711085 0002023 0792288 0509847 0129267 0899669 0699511 0291357 0123481 0772486 0263574 0275878 0679140 0401401

CLASS=UNKNOWN	0479957 0427568 0711085 0030792 0654883 0999132 1041512 0222680	-
CLASS=UNKNOWN	0479957 0427568 0711085 0030792 0654883 0999132 1041512 0222680	0479957 0427568 0711085 0030792 1041512 0222680 0260395 0873441 0784491 0479957 0427568 0711085 0030792 0605541 0388397 0999132 0849115 0715282 0162820 0222680 0768232 0260395 0873441 0881057 0229718 0162820 0580929
CLASS=UNKNOWN	0584524 0425984 1041512 0222680	-
CLASS=UNKNOWN	0584524 0425984 1041512 0222680	-
CLASS=OTHER	0266172 0392342 0711085 0002023	-
CLASS=UNKNOWN	0266172 0392342 0711085 0002023 1041512 0222680	-
CLASS=UNKNOWN	0266172 0392342 0711085 0002023 1041512 0222680	-
CLASS=UNKNOWN	0266172 0392342 0711085 0002023 1041512 0222680	-
CLASS=UNKNOWN	0550888 0219750 1041512 0222680	-
CLASS=UNKNOWN	0550888 0219750 1041512 0222680	-

CLASS=OTHER	1022940 0008271 0694263	-
CLASS=OTHER	1022940 0008271 0694263	0245767 1021914 1022940 0008271 0694263 0586450 0031957 0718962 0123481 0855657 0291357 0905407 0309374 0750921 0158475 0491827 0750921 0297512 0372690 0406197 0080861 0621540 0500948 1102534 0578321 0988596 0291357 0588214 0431804 0105324 0545633

CLASS=UNKNOWN	0123479 0718963 0944743 0193543 0828628 1055304	-
CLASS=UNKNOWN	0123479 0718963 0944743 0193543 0828628 1055304	0123479 0718963 0944743 0193543 0828628 1055304 0754212 0880931 0444946 0880931 1012920
CLASS=GAME	0597211 0123479 0718963 0944743 0162820 0042895	-

CLASS=OTHER	0008174 0485846 0255587 0773285 0517582 0374599 0047096	-
CLASS=OTHER	0008174 0485846 0255587 0773285 0517582 0374599 0047096	0008174 0485846 0255587 0773285 0517582 0374599 0047096 0957763 0880931 0444946 0536012 0911248
CLASS=OTHER	0008174 0485846 0255587 0773285 0517582 0374599 0047096	-
CLASS=UNKNOWN	0008174 0485846 0047095 0033015	-
CLASS=UNKNOWN	0008174 0485846 0047095 0033015	-
CLASS=UNKNOWN	0008174 0485846 0047095 0033015	-
CLASS=UNKNOWN	0008174 0485846 0047095 0864898	-
CLASS=UNKNOWN	0008174 0485846 0047095 0864898	-

CLASS=NOVEL | CLASS=VIDEO	0569426 0144463	-
CLASS=NOVEL | CLASS=VIDEO	0569426 0144463	-
CLASS=NOVEL | CLASS=VIDEO	0569426 0144463	0569426 0144463 0754212 0880931 0444946 0880931 1012920
CLASS=NOVEL | CLASS=VIDEO	0569426 0144463	0982816 0569426 0144463 0781505 0202808 0441517 0946324 0077000 0335623 0667003 0442930 0250796 0097217 1065334 0754212 0557667 0926863 0390679 0727209 0995962 0881057 1059968 0399721 0727209 0995962 0490159 0754212 0563980 0836971 0158475 0578321 1023598 0667003 0442930 0250796 0097217 1065334 0982816 0569426 0144463 0781505 0202808 0441517 0946324 0077000 0335623 0406197 0448696 0439302
CLASS=NOVEL | CLASS=VIDEO	0569426 0144463	-
CLASS=NOVEL | CLASS=VIDEO	0569426 0144463	-
CLASS=NOVEL | CLASS=VIDEO	0569426 0144463	0569426 0144463 0271248 0667003 0442930 0250796 0097217 1065334 0280867 1034216 0999132 0546639 0384980 1034216 0035110 0546639 0892108 0655567 0158475 0384980 0340659 0589288 0876101 1034216 0377791 0020370 0784491 0976685 0148058 0350684 0463453 0757903 0691963 0024612 1110131 0283231 0591940 0593824 0591940 1046420
CLASS=NOVEL | CLASS=VIDEO	0569426 0144463	-
CLASS=NOVEL | CLASS=VIDEO	0569426 0144463	0569426 0144463 0784491 0832933 1106567 0694263 0569426 0144463 0748782 0158475 0350684 0463453 0406197 0569426 0144463 0377701 0736121 0252531 0406197 0569426 0144463 0748782 0246396 0406197 0569426 0144463 0123481 0772486 0118175 1117219 0580929 0569426 0144463 0512458 0569426 0312896 0569426 0492629 0736121 0291357 0081321 0860630 0790109
CLASS=NOVEL | CLASS=VIDEO	0569426 0144463	-
CLASS=NOVEL | CLASS=VIDEO	0569426 0144463	-

CLASS=GAME	0162820 0412439 0694263 0424184 0085828 0162820 0042895	-
CLASS=GAME	0162820 0412439 0694263 0424184 0085828 0162820 0042895	0424184 0085828 0162820 0042895 0754212 0424184 0085828 0162820 0042895 0736121 0252531 0754212 0031957 0718962 0424184 0085828 0162820 0042895 0361819 0780918 0754212 0162820 0412439 0694263

CLASS=VIDEO	1035752 0593913 0605541 0388397	-
CLASS=UNKNOWN	1035752 0593913 0605541 0388397 0291357 0544340 0870273	-
CLASS=UNKNOWN	1035752 0593913 0605541 0388397 0291357 0544340 0870273	0557667 1035752 0593913 0605541 0388397 0490159 0544340 0870273 0291357 0679140 1069376 0784491 0198075 0339764 0198075 0339764 0784491 0259503 0831263 0784491 0831263 0300345 0308564 0555080 0494975 0753687 0583720 0784491 0580929
CLASS=UNKNOWN	1035752 0593913 0605541 0388397 0291357 0544340 0870273	1035752 0593913 0605541 0388397 0291357 0448696 1075910 0544340 0870273 1062474 0727209 0995962 0784491 0257843 0293898 0204955 0784491 0898231 0898231 0522792 0522792
CLASS=UNKNOWN	1035752 0593913 0605541 0388397 0291357 0009532 0505975	-
CLASS=UNKNOWN	1035752 0593913	-
CLASS=UNKNOWN	1035752 0593913	0875138 0872185

CLASS=VIDEO | CLASS=NOVEL	0049361 0225057 0738061 0295401 0222565	-
CLASS=VIDEO | CLASS=NOVEL	0049361 0225057 0738061 0295401 0222565	0049361 0225057 0738061 0295401 0222565 0754212 0880931 0444946 0880931 1012920

CLASS=NOVEL | CLASS=VIDEO	0266555 0733318 0447686 0299555	-
CLASS=NOVEL | CLASS=VIDEO	0266555 0733318 0447686 0299555	0266555 0733318 0447686 0299555 0807318 0694397 0888307 1055086 0142544 0546302 0784491 0464472 0673355 0694263

CLASS=UNKNOWN	0010782 0409707 0194326 0509847 0728017 0310149 0998894 1041512 0578892	-
CLASS=UNKNOWN	0010782 0409707 0194326 0509847 0728017 0310149 0998894 1041512 0578892	-
CLASS=GAME | CLASS=VIDEO	0010782 0409707 0194326 0509847 0173270	-
CLASS=GAME | CLASS=VIDEO	0010782 0409707 0194326 0509847 0173270	0331796 0201096
CLASS=GAME | CLASS=VIDEO	0010782 0409707 0194326 0509847 0173270	0010782 0409707 0194326 0509847 0173270 0467333 0918973 0498685 0754212 0010782 0409707 0194326 0509847 0173270 0467333 0918973 0498685 0031957 0158475 1055304 0736121 0252531 0754212 0010782 0409707 0194326 0509847 0173270 0467333 0918973 0580929
CLASS=UNKNOWN	0923912 0632476 0010782 0409707 0194326 0509847 0173270 0031957 0158475 1055304 0736121 0252531	-
CLASS=UNKNOWN	0923912 0632476 0010782 0409707 0194326 0509847 0173270 0031957 0158475 1055304 0736121 0252531	0010782 0409707 0194326 0509847 0173270 0923912 0632476 1055304 0957501 0087837 0543547 1106567 0881057 0010782 0409707 0194326 0509847 0173270 0923912 0632476 0031957 0158475 1055304 0736121 0252531 0323126

CLASS=VIDEO	0021215 0828628 0269091	-
CLASS=UNKNOWN	0021215 0828628 0269091 0123481 0308924 0219750 0372805 0836656	-
CLASS=UNKNOWN	0021215 0828628 0269091 0123481 0308924 0219750 0372805 0836656	-
CLASS=UNKNOWN	0021215 0828628 0269091 0123481 0308924 0219750 0372805 0836656	-

CLASS=VIDEO	1017432 0688815 0174229	-

CLASS=VIDEO	0322801 1001484	-

CLASS=UNKNOWN	0208773 0928787 0938753 0242042 0329033 0642444 0482835 0747808 0517582 0891452 0003137 1077403	-
CLASS=UNKNOWN	0208773 0928787 0938753 0242042 0329033 0642444 0482835 0747808 0517582 0891452 0003137 1077403	0208773 0928787 0938753 0242042 0329033 0642444 0482835 0747808 0003137 1077403
CLASS=UNKNOWN	0208773 0928787 0938753 0242042 0329033 0642444 0482835 0747808 0517582 0891452 0003137 1077403	0557667 0208773 0928787 0938753 0242042 0329033 0642444 0482835 0747808 0517582 0891452 0003137 1077403 0123481 0772486 1039829 0812770 0814520 0656218 0490159 0784491 0974290 0246396 0694263
CLASS=UNKNOWN	0208773 0928787 0938753 0242042 0329033 0642444 0482835 0747808 0517582 0891452 0003137 1077403	0208773 0928787 0938753 0242042 0329033 0642444 0482835 0747808 0517582 0891452 0003137 1077403 0881057 0208773 0928787 0938753 0242042 0329033 0642444 0482835 0747808 0517582 0891452 0003137 1077403 0003137 1077403 0872080 0879828 0784491 0942375 0580929
CLASS=UNKNOWN	0208773 0928787 0938753 0242042 0329033 0642444 0482835 0747808 0517582 0891452 0003137 1077403	0208773 0928787 0938753 0642444 0573173 0517582 0891452 0003137 1077403 0314628 0329033 0642444 0482835 0747808 0150623 0482835 1039829 0269758 0597211 0568179 0444946 0300930 0626761 0260395 0452614 0116578 0359973 0679140 0401401 0580929
CLASS=UNKNOWN	0208773 0928787 0938753 0242042 0329033 0642444 0482835 0747808 0517582 0891452 0003137 1077403 1071079 0264984	-
CLASS=UNKNOWN	0208773 0928787 0938753 0242042 0329033 0642444 0482835 0747808 0517582 0891452 0003137 1077403 1071079 0264984	0208773 0928787 0938753 0242042 0329033 0642444 0482835 0747808 0003137 1077403
CLASS=UNKNOWN	0208773 0928787 0938753 0242042 0329033 0642444 0482835 0747808 0517582 0891452 0003137 1077403 1071079 0264984	0718962 0878719 0642444 0694263 0208773 0928787 0938753 0242042 0329033 0642444 0482835 0747808 0003137 1077403 0754212 0880931 0444946 1071079 0438139
CLASS=ZIPCODE	0208773 0754615 0831957 1109425	-

CLASS=VIDEO	0608067 0608067 0608067	-

CLASS=NOVEL | CLASS=VIDEO	0558972 0448696 0371451 0202808	-
CLASS=NOVEL | CLASS=VIDEO	0558972 0448696 0371451 0202808	0553058 0546302 0214743 0558972 0448696 0371451 0202808 0172646 0748782 0546639 0855682 1040693 0306220 0931307 0763666

CLASS=VIDEO	0449930 0995962	-
CLASS=VIDEO	0449930 0995962	0678219 0185093 0894386
CLASS=VIDEO	0449930 0995962	-

CLASS=TRAVEL	0961838 0161381 0715282 0162820 0694263	-
CLASS=TRAVEL	0961838 0161381 0715282 0162820 0694263	0961838 0161381 0918837 0715282 0162820 0694263 0271248 0387462 0959886 1055304
CLASS=UNKNOWN	0923912 0043828 0938753 0715282 0162820 1069376	-
CLASS=UNKNOWN	0923912 0043828 0938753 0715282 0162820 1069376	0923912 0043828 0715282 0162820 0361819 0780918 0694263
CLASS=UNKNOWN	0961838 0161381 0918837 0715282 0162820 1069376 0748782 0709617 0329263 0938754 0246396 0031957 0142544 0546302 0706059 0751845 0174229 0623444 0775648	-
CLASS=UNKNOWN	0961838 0161381 0918837 0715282 0162820 1069376 0748782 0709617 0329263 0938754 0246396 0031957 0142544 0546302 0706059 0751845 0174229 0623444 0775648	0961838 0161381 0918837 0715282 0162820 1069376 0748782 0709617 0329263 0938754 0246396 0031957 0142544 0546302 0962643 0836656 1017433 0387462 0174229 0623444 0775648 0784491 0961838 0161381 0918837 0387462 0356316 0814520 0656218 0580929
CLASS=UNKNOWN	0961838 0161381 0918837 0715282 0162820 1069376 0748782 0709617 0329263 0938754 0246396 0031957 0142544 0546302 0706059 0751845 0174229 0623444 0775648	0961838 0161381 0918837 0715282 0162820 1069376 0748782 0709617 0329263 0938754 0246396 0031957 0142544 0546302 0706059 0751845 0980417 1017433 0369326 0099037 0775648 0754212 0715282 0162820 0814520 0656218 0754212 0923912 0043828 0715282 0162820 0580929
CLASS=TRAVEL	0961838 0161381 0715282 0162820 0694263	-
CLASS=TRAVEL	0961838 0161381 0715282 0162820 0694263	0961838 0161381 0918837 0715282 0162820 0694263 0271248 0387462 0959886 1055304
CLASS=UNKNOWN	0961838 0161381 0631826 0878719 0499826 1078554 1062359 0064556 0064556	-
CLASS=UNKNOWN	0961838 0161381 0631826 0878719 0499826 1078554 1062359 0064556 0064556	0923912 0043828 0064558 0965428 0694263 0784491 0962643 0928787 0361819 0780918 0694263 0129267 0271248 0961838 0161381 0918837 0590245 0568179 0003137 0825705 0105324 0920431 1084583 0027074 1051825 0546639 0003137 0561134 0259503 1034216 0580929
CLASS=TRAVEL	0961838 0161381 0715282 0162820 0694263	-
CLASS=TRAVEL	0961838 0161381 0715282 0162820 0694263	0961838 0161381 0918837 0715282 0162820 0694263 0271248 0387462 0959886 1055304
CLASS=TRAVEL	0961838 0161381 0715282 0162820 0694263	0961838 0161381 0918837 0715282 0162820 0694263 0271248 0387462 0959886 1055304

CLASS=VIDEO	0108541 0515280	-
CLASS=VIDEO	0108541 0515280	1099708 0540822 0703169 0315215 0093181 0612638 0524332 0679039 0902310 0108541 0515280 0686684 0162607 0876320 0221986 0733318 1123536 0495323 0401401 0641804
CLASS=VIDEO	0108541 0515280	0108541 0515280 0754212 0880931 0444946 0880931 1012920

CLASS=UNKNOWN	0123481 1039257 0902310 0694599	-
CLASS=UNKNOWN	0123481 1039257 0902310 0694599	0123481 1039257 0902310 0694599 0006789 0754212 0880931 0444946 0061182 0006789
CLASS=UNKNOWN	0123481 1039257 0902310 0694599	0988596 0256265 0291357 0061182 0517458 0706184 0283234
CLASS=UNKNOWN	0123481 1039257 0902310 0694599	0988596 0256265 0291357 0061182 0517458 0706184 0283234
CLASS=UNKNOWN	0123481 1039257 0902310 0694599	0080861 0484948 0907635 1062359
CLASS=UNKNOWN	0123481 1039257 0902310 0694599	0123481 1039257 0902310 0694599 0006789 0754212 0880931 0444946 0061182 0006789
CLASS=UNKNOWN	0988596 0256265 0291357 0061182 0517458 0706184 0283234 0727209 0995962	-
CLASS=UNKNOWN	0988596 0256265 0291357 0061182 0517458 0706184 0283234 0727209 0995962	0220949 0610559 0706184 0283234 0888307 0612638 0918837
CLASS=UNKNOWN	0988596 0256265 0291357 0061182 0517458 0706184 0283234 0727209 0995962	-
CLASS=NOVEL	0220949 0610559 0706184 0283234 0888307 0612638 0918837 0727209 0995962	-
CLASS=UNKNOWN	0988596 0986215 0748782 1039031 0706184 0283234	-
CLASS=UNKNOWN	0988596 0986215 0748782 1039031 0706184 0283234	0988596 0986215 0748782 1039031 0706184 0283234 0123481 0772486 0118175 1117219 0638284 1050903 1098550 0021215 0561134 0784491 0733318 0123832 0727209 0995962 0694263
CLASS=UNKNOWN	0988596 0256265 0291357 0061182 0517458 0706184 0283234	-
CLASS=UNKNOWN	0988596 0256265 0291357 0061182 0517458 0706184 0283234	0123481 1039257 0902310 0694599
CLASS=UNKNOWN	0988596 0256265 0291357 0061182 0517458 0706184 0283234	0988596 0986215 0748782 1039031 0706184 0283234
CLASS=UNKNOWN	0988596 0256265 0291357 0061182 0517458 0706184 0283234	0988596 0256265 0291357 0061182 0517458 0706184 0283234 1034216 0127222 0118175 0123481 0872080 0424184 0291357 1035461 1112246 0557667 0649446 1064033 0490159
CLASS=UNKNOWN	0988596 0256265 0291357 0061182 0517458 0706184 0283234	-
CLASS=UNKNOWN	0123481 1039257 0902310 0694599 0727209 0995962	-
CLASS=UNKNOWN	0123481 1039257 0902310 0694599 0727209 0995962	0123481 1039257 0902310 0694599 0006789 0754212 0880931 0444946 0061182 0006789
CLASS=UNKNOWN	0123481 1039257 0902310 0694599 0727209 0995962	-
CLASS=UNKNOWN	0988596 0986215 0748782 1039031 0706184 0283234	-
CLASS=UNKNOWN	0988596 0986215 0748782 1039031 0706184 0283234	0988596 0986215 0748782 1039031 0706184 0283234 0123481 0772486 0118175 1117219 0638284 1050903 1098550 0021215 0561134 0784491 0733318 0123832 0727209 0995962 0694263
CLASS=UNKNOWN	0988596 0986215 0748782 1039031 0706184 0283234	0988596 0986215 0748782 1039031 0706184 0283234 0748782 0158475 0350684 0463453 0754212 0988596 0986215 0748782 1039031 0706184 0283234 0123481 0772486 0118175 1117219 0754212 0923912 0002222 1123535 0436301 1115463 0409707
CLASS=UNKNOWN	0988596 0986215 0748782 1039031 0706184 0283234	0220949 0610559 0706184 0283234 0888307 0612638 0918837
CLASS=UNKNOWN	0988596 0986215 0748782 1039031 0706184 0283234	0220949 0610559 0706184 0283234 0888307 0612638 0918837
CLASS=UNKNOWN	0988596 0986215 0748782 1039031 0706184 0283234	0220949 0610559 0706184 0283234 0888307 0612638 0918837
CLASS=NOVEL	0220949 0610559 0706184 0283234 0888307 0612638 0918837 0727209 0995962	-
CLASS=NOVEL	0220949 0610559 0706184 0283234 0888307 0612638 0918837 0727209 0995962	0220949 0610559 0706184 0283234 0888307 0612638 0918837 0406197 0220949 0610559 0706184 0283234 0888307 0612638 0918837 0123481 0772486 0118175 1117219 0784491 0863141 0077243
CLASS=NOVEL	0220949 0610559 0706184 0283234 0888307 0612638 0918837 0727209 0995962	-
CLASS=NOVEL	0220949 0610559 0706184 0283234 0888307 0612638 0918837 0727209 0995962	-
CLASS=NOVEL	0220949 0610559 0706184 0283234 0888307 0612638 0918837 0727209 0995962	0123481 1039257 0902310 0694599
CLASS=NOVEL	0220949 0610559 0706184 0283234 0888307 0612638 0918837 0727209 0995962	0220949 0610559 0706184 0283234 0888307 0612638 0918837 0754212 0220949 0610559 0706184 0283234 0888307 0612638 0918837 0748782 0158475 0350684 0463453 0754212 0003252 0528981 0439933 0694599 0754212 0289703 0318374 1105456
CLASS=UNKNOWN	0123481 1039257 0902310 0694599	-
CLASS=UNKNOWN	0123481 1039257 1071079 1007426	-
CLASS=UNKNOWN	0123481 1039257 1071079 1007426	0123481 1039257 1071079 1007426 0754212 0123481 1039257 1071079 1007426 0748782 0158475 0350684 0463453 0754212 0951791 0052080 0754212 0289703 0318374 1105456
CLASS=UNKNOWN	0123481 1039257 1071079 1007426	0123481 1039257 1071079 1007426 0123481 0772486 0118175 1117219 0638284 1050903 1098550 0021215 0561134 0784491 0334716 0077243 0727209 0995962
CLASS=UNKNOWN	0123481 1039257 1071079 1007426	0080861 0484948 0678562 0907635
CLASS=UNKNOWN	0080861 0484948 0678562 0907635 0727209 0995962	-
CLASS=UNKNOWN	0080861 0484948 0678562 0907635 0727209 0995962	0080861 0484948 0678562 0907635 0754212 0080861 0484948 0678562 0907635 0748782 0158475 0350684 0463453 0754212 0999132 0881718 0057045 0505193 0754212 0289703 0318374 1105456
CLASS=NOVEL	0220949 0610559 0706184 0283234 0888307 0612638 0918837 0727209 0995962	-
CLASS=NOVEL	0220949 0610559 0706184 0283234 0888307 0612638 0918837 0727209 0995962	0220949 0610559 0706184 0283234 0888307 0612638 0918837 0754212 0220949 0610559 0706184 0283234 0888307 0612638 0918837 0748782 0158475 0350684 0463453 0754212 0003252 0528981 0439933 0694599 0754212 0289703 0318374 1105456
CLASS=NOVEL	0220949 0610559 0706184 0283234 0888307 0612638 0918837 0727209 0995962	0220949 0610559 0706184 0283234 0888307 0612638 0918837 0123481 0772486 0118175 1117219 0638284 1050903 1098550 0021215 0561134 0784491 0733318 0123832 0727209 0995962 0694263
CLASS=NOVEL	0220949 0610559 0706184 0283234 0888307 0612638 0918837 0727209 0995962	0123481 1039257 0902310 0694599
CLASS=UNKNOWN	0123481 1039257 0902310 0694599	-
CLASS=UNKNOWN	0123481 1039257 0902310 0694599	0123481 1039257 0902310 0694599 0006789 0754212 0880931 0444946 0061182 0006789
CLASS=UNKNOWN	0123481 1039257 0902310 0694599	0890468 0283234 0226989 0078021
CLASS=UNKNOWN	0123481 1039257 0902310 0694599	0890468 0283234 0226989 0078021
CLASS=UNKNOWN	0890468 0283234 0226989 0078021 0727209 0995962	-
CLASS=UNKNOWN	0890468 0283234 0226989 0078021 0727209 0995962	0890468 0283234 0226989 0078021 0123481 0772486 0118175 1117219 0406197 0890468 0283234 0226989 0078021 0638284 1050903 1098550 0748782 0158475 0350684 0463453 0754212 0735687 1041512 0158475 0578321
CLASS=UNKNOWN	0890468 0283234 0226989 0078021 0727209 0995962	0890468 0283234 0226989 0078021 0123481 0772486 0118175 1117219 0784491 0890468 0283234 0226989 0078021 0727209 0995962 0650969
CLASS=UNKNOWN	0890468 0283234 0226989 0078021 0727209 0995962	-
CLASS=UNKNOWN	0890468 0283234 0226989 0078021 0727209 0995962	0890468 0283234 0226989 0078021 0638284 1050903 1098550 0754212 0890468 0283234 0226989 0078021 0123481 0772486 0118175 1117219 0478926 0948266 0754212 0740310 0312542 1034529

CLASS=GAME | CLASS=VIDEO	0399721 0686684 0727209 0162820 0042895	-
CLASS=GAME | CLASS=VIDEO	0399721 0686684 0727209 0162820 0042895	0225635 0727209 0162820 0042895 0774308 0399721 0686684 0162820 0042895 0774308 0399721 0686684 0530046 0170104 0049361 0092620 0406197 0399721 0686684 0727209 0162820 0042895 0406197 0399721 0686684 0530046 0170104 0580929 0790345 0106377 1059187 0108865 0879828 0708416 0550803
CLASS=GAME | CLASS=VIDEO	0399721 0686684 0727209 0162820 0042895	0884749 0085243 0727209 0162820 0042895 0754212 1101400 0074554 0399721 0686684 0727209 0162820 0042895 0754212 0965192 0085243 0693595 0838222 0461549 1025301 0123480 1062359 0838222 0987904 0507364 0727209 0162820 0042895 0190918 0884749 0085243 0727209 0162820 0042895 0855657 0748782 0996068 0659825 0794357

CLASS=VIDEO	0534713 0555638 0979292 0464472 0546639	-
CLASS=VIDEO	0534713 0555638 0979292 0464472 0546639	0185923 0528981 0534713 0555638 0162820 0042895 1080916 0770907 0534713 0555638 0979292 0464472 0546639 1059187 1055617 0259503 0701814 0438139 0696148 0214274 0856139 1112955 0911248 0754212 0951375 0614607 0694263
CLASS=VIDEO	0534713 0555638 0979292 0464472 0546639	-
CLASS=VIDEO	0534713 0555638 0979292 0464472 0546639	1085353 0464136 0512458 1126862 0410579 0176703 0295063 1042506 1017669 0214743 0534713 0555638 0979292 0464472 0546639 0172646 0754212 0772486 0003252 0588522 1025301 0754212 0772486 0003252 0694263
CLASS=VIDEO	0534713 0555638 0979292 0464472 0546639	0479956 0372690 0238317 0123481 0855657 0534713 0555638 0979292 0464472 0546639 0754212 0161381 1025301 0694263 0772486 1061372 0031957 0054135

CLASS=OTHER	0355664 0388397 0002222	-
CLASS=OTHER	0355664 0388397 0002222	0343774 0559769

CLASS=VIDEO	0566298 0974387 0214274	-
CLASS=VIDEO	0566298 0974387 0214274	0566298 0974387 0214274 0754212 0880931 0444946 0880931 1012920

CLASS=GAME | CLASS=VIDEO	1042506 0539460 0437326 1025301 0869266 0104869	-
CLASS=GAME | CLASS=VIDEO	1042506 0539460 0437326 1025301 0869266 0104869	1042506 0539460 0437326 1025301 0869266 0231073
CLASS=UNKNOWN	1042506 0539460 0437326 1025301 0869266 0231073	-
CLASS=UNKNOWN	1042506 0539460 0437326 1025301 0869266 0231073	1042506 0539460 0437326 1025301 0869266 0377791
CLASS=UNKNOWN	1042506 0539460 0437326 1025301 0869266 0231073	1042506 0539460 0437326 1025301 0869266 0327622 0880931 0444946 0880931 1012920
CLASS=GAME | CLASS=VIDEO	1042506 0539460 0437326 1025301 0869266 0377791	-
CLASS=GAME | CLASS=VIDEO	1042506 0539460 0437326 1025301 0869266 0377791	1042506 0539460 0437326 1025301 0869266 1047250
CLASS=VIDEO | CLASS=GAME	1042506 0539460 0437326 1025301 0869266 1047250	-
CLASS=VIDEO | CLASS=GAME	1042506 0539460 0437326 1025301 0869266 1047250	0793801 0376950 0763666
CLASS=VIDEO | CLASS=GAME	1042506 0539460 0437326 1025301 0869266 1047250	1042506 0539460 0437326 1025301 0869266 1046420
CLASS=UNKNOWN	1042506 0539460 0437326 1025301 0869266 1046420	-
CLASS=UNKNOWN	1042506 0539460 0437326 1025301 0869266 1046420	1042506 0539460 0437326 1025301 0869266 0875138
CLASS=UNKNOWN	1042506 0539460 0437326 1025301 0869266 0875138	-
CLASS=UNKNOWN	1042506 0539460 0437326 1025301 0869266 0104869 1129496 0212657 0033554 0292003 0588522 0033335	-
CLASS=UNKNOWN	1042506 0539460 0437326 1025301 0869266 0231073	-
CLASS=UNKNOWN	1042506 0539460 0437326 1025301 0869266 0231073	0982816 1042506 0539460 0437326 1025301 0869266 0231073 0335623 0880931 0444946 0449931 0593913 0754212 0706184 1111901 0888307 1055086 0142544 0546302 0754212 0642444 0449931 0754212 0929370 0929370 0449931 0427030
CLASS=UNKNOWN	1042506 0539460 0437326 1025301 0869266 0231073	0982816 1042506 0539460 0437326 1025301 0869266 0231073 0335623 0880931 0444946 0449931 0593913 0754212 0706184 1111901 0888307 1055086 0142544 0546302 0754212 0642444 0449931 0754212 0929370 0929370 0449931 0427030
CLASS=UNKNOWN	1042506 0539460 0437326 1025301 0869266 0231073	0982816 1042506 0539460 0437326 1025301 0869266 0231073 0335623 0880931 0444946 0449931 0593913 0888307 1055086 0142544 0546302 0784491 1042506 0539460 0437326 1025301 0869266 0231073 0546194 0858022 1023042 0706184 1111901 0888307 1055086 0580929
CLASS=UNKNOWN	1042506 0539460 0437326 1025301 0869266 0231073	0982816 1042506 0539460 0437326 1025301 0869266 0231073 0335623 0706184 1111901 0642444 0449931 0888307 1055086 0142544 0546302 0784491 1012920 1076825 0775648 0642444 0449931 0784491 0880931 0444946 0449931 0593913 0784491 0876320 1106567 0694263
CLASS=UNKNOWN	1042506 0539460 0437326 1025301 0869266 0231073	1042506 0539460 0437326 1025301 0869266 1005467 0612641 0638284 0221986 0654884 0259503 1061371 0057044 0300345
CLASS=UNKNOWN	1042506 0539460 0437326 1025301 0869266 0104869 1129496 0212657 0033554 0292003 0588522 0033335	-

CLASS=UNKNOWN	0460925 0679140 0029909 0231073	-
CLASS=VIDEO	0460925 0679140 0029909 0377791 0642444 0449931	-
CLASS=VIDEO	0460925 0679140 0029909 0377791 0642444 0449931	0460925 0679140 0029909 0338322 0706184 1111901 0673355 1112955 0888307 1055086 0142544 0546302 0754212 0880931 0444946 0673355 1112955
CLASS=VIDEO	0460925 0679140 0029909 0377791 0642444 0449931	0982816 0460925 0679140 0029909 0773423 0460925 0679140 0029909 0193663 0335623 0706184 1111901 0642444 0449931 0888307 1055086 0142544 0546302 0784491 1012920 1076825 0775648 0642444 0449931 0784491 0880931 0444946 0449931 0593913 0580929
CLASS=VIDEO	0460925 0679140 0029909 0377791 0642444 0449931	0460925 0679140 0029909 0377791 1012920 1076825 0642444 0449931 0784491 0888307 1055086 0142544 0546302 0872537 0733318 1112955 0911248

CLASS=VIDEO	0715635 0838222	-

CLASS=OTHER	0064665 0005685 0655567 0839115 1055304	-
CLASS=OTHER	0064665 0005685 0655567 0839115 1055304	0982816 0064665 0005685 0335623 0771245 0412439 0694263 0162820 0976685 0148058 0781505 0750921 0406197 0543437 0904305 0709617 0553518 0010782 1126966 0539299 0464472 0312542

CLASS=OTHER	0386891 0923912 0748782 1041723 0222565 0736121 0252531	-
CLASS=OTHER	0386891 0923912 0748782 1041723 0222565 0736121 0252531	0386891 0923912 0748782 1041723 0222565 0689417 0923912 0748782 0031957 0054135

CLASS=VIDEO	0594154 0904305	-
CLASS=VIDEO	0594154 0904305	0594154 0904305 0228610 0082020 0715635 0790904 1027000 0327907 1030334 1092614 0975172 0097217 1027000 0979162 0148991 0214083 1045402 0948266 0580929

CLASS=UNKNOWN	0612638 0995962 1079654 0809167 0866618 1040473	-
CLASS=VIDEO	1079654 0809167 0866618 1040473	-
CLASS=VIDEO	1079654 0809167 0866618 1040473	-

CLASS=VIDEO	0916662 0242155 0312543	-
CLASS=VIDEO	0916662 0242155 0312543	0916662 0242155 0312543 0754212 0880931 0444946 0880931 1012920

CLASS=OTHER	1041512 1041512 0546194 0682906	-
CLASS=OTHER	1041512 1041512 0546194 0682906	-

CLASS=UNKNOWN	0337103 0564213 0792288 1055086 0642444 0449931	-
CLASS=UNKNOWN	0337103 0564213 0792288 1055086 0673355 1112955	-
CLASS=GAME | CLASS=VIDEO	0337103 0564213 0792288 1055086	-
CLASS=VIDEO	0337103 0564213 0792288 1055086 0406859 0601749 0041763 0479957	-
CLASS=VIDEO	0337103 0564213 0792288 1055086 0406859 0601749 0041763 0479957	0000247 0337103 0564213 0792288 1055086 0406859 0601749 0041763 0809620 0642444 0673355 0041763 0479957
CLASS=VIDEO	0337103 0564213 0792288 1055086 0406859 0601749 0041763 0479957	-
CLASS=VIDEO	0337103 0564213 0792288 1055086 0406859 0601749 0041763 0479957	0708439 0568179 0444946 0337103 0564213 0792288 1055086 0406859 0601749 0041763 0809620 0642444 0673355 0041763 0479957 1034216 0654883 0479957 1055194 0964616 0695215 0062027 0678562 0792288 1009727 0709748
CLASS=VIDEO	0337103 0564213 0792288 1055086 0406859 0601749 0041763 0479957	0000247 0337103 0564213 0792288 1055086 0406859 0601749 0041763 0809620 0642444 0673355 0041763 0479957
CLASS=GAME | CLASS=VIDEO	0337103 0564213 0792288 1055086	-
CLASS=UNKNOWN	0337103 0564213 0792288 1055086 0406859 0601749 0437326 0479957 0673355 1112955	-
CLASS=UNKNOWN	0337103 0564213 0792288 1055086 0406859 0601749 0437326 0479957 0673355 1112955	-
CLASS=VIDEO	0337103 0564213 0792288 1055086 0406859 0601749 0041763 0479957	-
CLASS=VIDEO	0337103 0564213 0792288 1055086 0406859 0601749 0041763 0479957	0000247 0337103 0564213 0792288 1055086 0406859 0601749 0041763 0809620 0642444 0673355 0041763 0479957

CLASS=TRAVEL	0792288 0509847 0762000	-
CLASS=TRAVEL	0792288 0509847 0762000	1020336 0557561 0911248 0546639 0792288 0509847 0762000 0694263 0588522 0456713 0762000 0350903 0999132 0664000 0694263 0784491 0557561 0318374 1105456 0780918 0458228 0959886 0031957 0054135
CLASS=TRAVEL	0726054 0509847 0762000 0694263 0588522 0456713 0762000	-
CLASS=TRAVEL	0726054 0509847 0762000 0694263 0588522 0456713 0762000	0858854 0198188 0857574 0005685 0726054 0509847 0762000 0553058 0387202 0260395 0456713 0033554 0115430 0948266 0694263 0588522 0456713 0762000 0664000 0694263 0784491 0772486 0762000 0694263
CLASS=UNKNOWN	0792288 0509847 0762000 0694263 0588522 0456713 0762000 0664000 0694263 1020336	-
CLASS=UNKNOWN	0792288 0509847 0762000 0694263 0588522 0456713 0762000 0664000 0694263 1020336	1020336 0557561 0911248 0546639 0792288 0509847 0762000 0694263 0588522 0456713 0762000 0350903 0999132 0664000 0694263 0784491 0557561 0318374 1105456 0780918 0458228 0959886 0031957 0054135
CLASS=UNKNOWN	0792288 0509847 0762000 0694263 0588522 0456713 0762000 0664000 0694263 1020336	-
CLASS=UNKNOWN	0792288 0509847 0762000 0694263 0588522 0456713 0762000 0664000 0694263 1020336	1020336 0557561 0911248 0546639 0792288 0509847 0762000 0694263 0588522 0456713 0762000 0350903 0999132 0664000 0694263 0784491 0557561 0318374 1105456 0780918 0458228 0959886 0031957 0054135

CLASS=VIDEO	0544340 0067636 0291357 0926863 0836656 0800750	-
CLASS=VIDEO	0544340 0067636 0291357 0926863 0836656 0800750	-
CLASS=VIDEO	0544340 0067636 0291357 0926863 0836656 0800750	-
CLASS=VIDEO	0544340 0067636 0291357 0926863 0836656 0800750	-
CLASS=VIDEO	0544340 0067636 0291357 0926863 0836656 0800750	-
CLASS=VIDEO	0544340 0067636 0291357 0926863 0836656 0800750	-
CLASS=VIDEO	0544340 0067636 0291357 0926863 0836656 0800750	-
CLASS=VIDEO	0544340 0067636 0291357 0926863 0836656 0800750	0544340 0067636 0291357 0926863 0836656 0800750 0754212 0880931 0444946 0880931 1012920
CLASS=VIDEO	0544340 0067636 0291357 0926863 0836656 0800750	-

CLASS=VIDEO	0905407 1009852 0291357 1031829 0701712	-
CLASS=VIDEO	0905407 1009852 0291357 1031829 0701712	-

CLASS=VIDEO	0483592 0878719 0920200 0126947	-
CLASS=VIDEO	0483592 0878719 0920200 0126947	-

CLASS=TRAVEL	0792288 0509847 0762000 0694263 0588522 0456713 0762000	-
CLASS=TRAVEL	0792288 0509847 0762000 0694263 0588522 0456713 0762000	1023598 0918837 0958285
CLASS=TRAVEL	0792288 0509847 0762000 0694263 0588522 0456713 0762000	-
CLASS=TRAVEL	0792288 0509847 0762000 0694263 0588522 0456713 0762000	0014376 0747808 0664000 0694263 0888307 1055086 0694263 0588522 0456713 0792288 0509847 0762000 0694263 0588522 0456713 0792288 0509847 0762000 0793801 0267839 0323813 0348043
CLASS=TRAVEL	0792288 0509847 0762000 0694263 0588522 0456713 0762000	0014376 0747808 0664000 0694263 0888307 1055086 0694263 0588522 0456713 0792288 0509847 0762000 0694263 0588522 0456713 0792288 0509847 0762000 0793801 0267839 0323813 0348043
CLASS=TRAVEL	0792288 0509847 0762000 0694263 0588522 0456713 0762000	0792288 0509847 0762000 0456713 0762000 0754212 0792288 0509847 0762000 0260395 0668936 0754212 0792288 0509847 0762000 0694263 0588522 0456713 0762000
CLASS=TRAVEL	0792288 0509847 0762000 0694263 0588522 0456713 0762000	0792288 0509847 0762000 0456713 0762000 0754212 0792288 0509847 0762000 0260395 0668936 0754212 0792288 0509847 0762000 0694263 0588522 0456713 0762000
CLASS=TRAVEL	0792288 0509847 0762000 0694263 0588522 0456713 0762000	0792288 0509847 0762000 0694263 0588522 0456713 0762000 0664000 0694263 0754212 0694263 0588522 0260395 0456713 0792288 0509847 0762000 0754212 0694263 0588522 0877481 0451188 0792288 0509847 0762000 0557667 0681625 0762000 0959886 0694263 0490159

CLASS=TRAVEL	0792288 0509847 0762000	-
CLASS=TRAVEL	0792288 0509847 0762000	1020336 0557561 0911248 0546639 0792288 0509847 0762000 0694263 0588522 0456713 0762000 0350903 0999132 0664000 0694263 0784491 0557561 0318374 1105456 0780918 0458228 0959886 0031957 0054135

